% load Q_combo data 
% time (years) Q_combo (m^3 year^-1) 
1995 	 	 0.000000 
1996 	 	 498745.198265 
1997 	 	 242993.788806 
1998 	 	 404323.545069 
1999 	 	 360885.452076 
2000 	 	 538257.878330 
2001 	 	 263461.416320 
2002 	 	 1702642.979854 
2003 	 	 498746.289953 
2004 	 	 516957.854979 
2005 	 	 796317.822536 
2006 	 	 734179.206626 
2007 	 	 737796.100410 
2008 	 	 566837.207789 
2009 	 	 1007191.491409 
2010 	 	 461382.705205 
2011 	 	 754134.888370 
2012 	 	 684633.886164 
2013 	 	 438269.738174 
2014         498745.198265 
2015         242993.788806 
2016         404323.545069 
2017         360885.452076 
2018         538257.878330 
2019         263461.416320 
2020         1702642.979854 
2021         498746.289953 
2022         516957.854979 
2023         796317.822536 
2024         734179.206626 
2025         737796.100410 
2026         566837.207789 
2027         1007191.491409 
2028         461382.705205 
2029         754134.888370 
2030         684633.886164 