% load Q_combo data 
% time (years) Q_combo (m^3 year^-1) 
1995 	 	 0.000000 
1996 	 	 1332274.738411 
1997 	 	 1887913.711474 
1998 	 	 1769605.725965 
1999 	 	 1473629.431291 
2000 	 	 2525835.586395 
2001 	 	 1308282.950061 
2002 	 	 4737208.294367 
2003 	 	 1704325.676041 
2004 	 	 1943407.024891 
2005 	 	 2084022.739982 
2006 	 	 2505933.413841 
2007 	 	 2098979.545849 
2008 	 	 1324263.894405 
2009 	 	 2347060.752285 
2010 	 	 1162781.432688 
2011 	 	 1863389.546829 
2012 	 	 1741720.811179 
2013 	 	 1429406.912401
2014         1332274.738411 
2015         1887913.711474 
2016         1769605.725965 
2017         1473629.431291 
2018         2525835.586395 
2019         1308282.950061 
2020         4737208.294367 
2021         1704325.676041 
2022         1943407.024891 
2023         2084022.739982 
2024         2505933.413841 
2025         2098979.545849 
2026         1324263.894405 
2027         2347060.752285 
2028         1162781.432688 
2029         1863389.546829 
2030         1741720.811179
