% load Q_combo data 
% time (years) Q_combo (m^3 year^-1) 
1995 	 	 0.000000 
1996 	 	 643561.605870 
1997 	 	 347715.377080 
1998 	 	 498274.177057 
1999 	 	 635035.064083 
2000 	 	 358497.007635 
2001 	 	 355478.917153 
2002 	 	 5889322.537321 
2003 	 	 478589.253892 
2004 	 	 532521.351847 
2005 	 	 1525252.376785 
2006 	 	 1645997.224507 
2007 	 	 1147529.574842 
2008 	 	 859176.294703 
2009 	 	 3636413.064595 
2010 	 	 728341.742896 
2011 	 	 3723183.556248 
2012 	 	 1498646.216068 
2013 	 	 1242414.260055
2014         643561.605870 
2015         347715.377080 
2016         498274.177057 
2017         635035.064083 
2018         358497.007635 
2019         355478.917153 
2020         5889322.537321 
2021         478589.253892 
2022         532521.351847 
2023         1525252.376785 
2024         1645997.224507 
2025         1147529.574842 
2026         859176.294703 
2027         3636413.064595 
2028         728341.742896 
2029         3723183.556248 
2030         1498646.216068 
