% load Q_glacier data 
% time (day) Q_glacier (m^3 day^-1)
1	0
2	0
3	0
4	0
5	0
6	0
7	0
8	0
9	0
10	0
11	0
12	0
13	0
14	0
15	0
16	0
17	0
18	0
19	0
20	0
21	0
22	0
23	0
24	0
25	0
26	0
27	0
28	0
29	0
30	0
31	0
32	0
33	0
34	0
35	0
36	0
37	0
38	0
39	0
40	0
41	0
42	0
43	0
44	0
45	0
46	0
47	0
48	0
49	0
50	0
51	0
52	0
53	0
54	0
55	0
56	0
57	0
58	0
59	0
60	0
61	0
62	0
63	0
64	0
65	0
66	0
67	0
68	0
69	0
70	0
71	0
72	0
73	0
74	0
75	0
76	0
77	0
78	0
79	0
80	0
81	0
82	0
83	0
84	0
85	0
86	0
87	0
88	0
89	0
90	0
91	0
92	0
93	0
94	0
95	0
96	0
97	0
98	0
99	0
100	0
101	0
102	0
103	0
104	0
105	0
106	0
107	0
108	0
109	0
110	0
111	0
112	0
113	0
114	0
115	0
116	0
117	0
118	0
119	0
120	0
121	0
122	0
123	0
124	610
125	792
126	577
127	956
128	698
129	746
130	952
131	723
132	860
133	567
134	1780
135	2203
136	1065
137	1226
138	1070
139	1196
140	1112
141	1056
142	1152
143	1152
144	1487
145	2189
146	843
147	14376
148	49550
149	100502
150	13658
151	7123
152	24794
153	4620
154	14235
155	61156
156	102394
157	100063
158	59086
159	25990
160	2683
161	5478
162	86157
163	121497
164	46862
165	53103
166	5656
167	5233
168	18334
169	11010
170	2896
171	3653
172	3754
173	6676
174	28658
175	52026
176	116402
177	142497
178	125719
179	71791
180	111884
181	104056
182	46442
183	8785
184	9274
185	3741
186	2525
187	2169
188	2135
189	1801
190	2015
191	1855
192	2722
193	1815
194	8650
195	14187
196	3803
197	1588
198	2532
199	1580
200	2335
201	2560
202	2809
203	2673
204	2140
205	1582
206	2576
207	2605
208	1828
209	3484
210	3170
211	2560
212	3614
213	3084
214	2535
215	4410
216	2877
217	4673
218	4839
219	3619
220	2609
221	3145
222	3327
223	1656
224	1847
225	2099
226	1782
227	1582
228	1515
229	929
230	1248
231	905
232	681
233	669
234	617
235	585
236	605
237	548
238	520
239	595
240	548
241	496
242	528
243	501
244	50
245	138
246	54
247	40
248	51
249	17
250	25
251	18
252	14
253	29
254	26
255	10
256	11
257	23
258	25
259	5
260	56
261	1961
262	243
263	118
264	266
265	195
266	30
267	2
268	16
269	20
270	8
271	7
272	0
273	22
274	693
275	96
276	0
277	0
278	0
279	0
280	0
281	0
282	0
283	0
284	0
285	0
286	0
287	0
288	0
289	0
290	0
291	0
292	0
293	0
294	0
295	0
296	0
297	0
298	0
299	0
300	0
301	0
302	0
303	0
304	0
305	0
306	0
307	0
308	0
309	0
310	0
311	0
312	0
313	0
314	0
315	0
316	0
317	0
318	0
319	0
320	0
321	0
322	0
323	0
324	0
325	0
326	0
327	0
328	0
329	0
330	0
331	0
332	0
333	0
334	0
335	0
336	0
337	0
338	0
339	0
340	0
341	0
342	0
343	0
344	0
345	0
346	0
347	0
348	0
349	0
350	0
351	0
352	0
353	0
354	0
355	0
356	0
357	0
358	0
359	0
360	0
361	0
362	0
363	0
364	0
365	0
366	0
367	0
368	0
369	0
370	0
371	0
372	0
373	0
374	0
375	0
376	0
377	0
378	0
379	0
380	0
381	0
382	0
383	0
384	0
385	0
386	0
387	0
388	0
389	0
390	0
391	0
392	0
393	0
394	0
395	0
396	0
397	0
398	0
399	0
400	0
401	0
402	0
403	0
404	0
405	0
406	0
407	0
408	0
409	0
410	0
411	0
412	0
413	0
414	0
415	0
416	0
417	0
418	0
419	0
420	0
421	0
422	0
423	0
424	0
425	0
426	0
427	0
428	0
429	0
430	0
431	0
432	0
433	0
434	0
435	0
436	0
437	0
438	0
439	0
440	0
441	0
442	0
443	0
444	0
445	0
446	0
447	0
448	0
449	0
450	0
451	0
452	0
453	0
454	0
455	0
456	0
457	0
458	0
459	0
460	0
461	0
462	0
463	0
464	0
465	0
466	0
467	0
468	0
469	0
470	0
471	0
472	0
473	0
474	0
475	0
476	0
477	0
478	0
479	0
480	0
481	0
482	0
483	0
484	0
485	0
486	0
487	0
488	0
489	0
490	241
491	239
492	347
493	220
494	222
495	343
496	433
497	692
498	1058
499	826
500	742
501	701
502	730
503	784
504	995
505	685
506	488
507	1003
508	1619
509	947
510	627
511	601
512	1168
513	1670
514	1150
515	778
516	1906
517	1982
518	1777
519	1275
520	2526
521	1519
522	2432
523	2205
524	3019
525	2160
526	2805
527	2766
528	3171
529	3352
530	3962
531	1617
532	1444
533	4572
534	16337
535	65050
536	63132
537	70894
538	34698
539	6288
540	12091
541	983
542	2265
543	5549
544	7907
545	10194
546	6213
547	1369
548	5786
549	10383
550	14055
551	28877
552	31846
553	21166
554	65728
555	41365
556	48215
557	30501
558	1074
559	414
560	569
561	1447
562	582
563	1366
564	1751
565	2669
566	1816
567	2878
568	2995
569	1843
570	2367
571	1478
572	2012
573	1468
574	1255
575	1170
576	1024
577	1337
578	1480
579	1210
580	1694
581	1910
582	1784
583	1577
584	1014
585	1175
586	1204
587	637
588	470
589	188
590	217
591	316
592	299
593	145
594	122
595	166
596	156
597	159
598	203
599	161
600	127
601	821
602	558
603	263
604	180
605	156
606	141
607	151
608	238
609	206
610	58
611	36
612	44
613	26
614	50
615	48
616	138
617	13
618	2
619	6
620	8
621	9
622	12
623	6
624	9
625	3
626	2
627	0
628	10
629	41
630	29
631	13
632	4
633	4
634	0
635	0
636	0
637	3
638	0
639	1
640	0
641	0
642	0
643	0
644	0
645	0
646	0
647	0
648	0
649	0
650	0
651	0
652	0
653	0
654	0
655	0
656	0
657	0
658	0
659	0
660	0
661	0
662	0
663	0
664	0
665	0
666	0
667	0
668	0
669	0
670	0
671	0
672	0
673	0
674	0
675	0
676	0
677	0
678	0
679	0
680	0
681	0
682	0
683	0
684	0
685	0
686	0
687	0
688	0
689	0
690	0
691	0
692	0
693	0
694	0
695	0
696	0
697	0
698	0
699	0
700	0
701	0
702	0
703	0
704	0
705	0
706	0
707	0
708	0
709	0
710	0
711	0
712	0
713	0
714	0
715	0
716	0
717	0
718	0
719	0
720	0
721	0
722	0
723	0
724	0
725	0
726	0
727	0
728	0
729	0
730	0
731	0
732	0
733	0
734	0
735	0
736	0
737	0
738	0
739	0
740	0
741	0
742	0
743	0
744	0
745	0
746	0
747	0
748	0
749	0
750	0
751	0
752	0
753	0
754	0
755	0
756	0
757	0
758	0
759	0
760	0
761	0
762	0
763	0
764	0
765	0
766	0
767	0
768	0
769	0
770	0
771	0
772	0
773	0
774	0
775	0
776	0
777	0
778	0
779	0
780	0
781	0
782	0
783	0
784	0
785	0
786	0
787	0
788	0
789	0
790	0
791	0
792	0
793	0
794	0
795	0
796	0
797	0
798	0
799	0
800	0
801	0
802	0
803	0
804	0
805	0
806	0
807	0
808	0
809	0
810	0
811	0
812	0
813	0
814	0
815	0
816	0
817	0
818	0
819	0
820	0
821	0
822	0
823	0
824	0
825	0
826	0
827	0
828	0
829	0
830	0
831	0
832	0
833	0
834	0
835	0
836	0
837	0
838	0
839	0
840	0
841	0
842	0
843	0
844	0
845	0
846	0
847	0
848	0
849	0
850	0
851	0
852	0
853	0
854	0
855	338
856	371
857	363
858	587
859	1587
860	1345
861	826
862	1440
863	1797
864	1535
865	1225
866	1000
867	773
868	1607
869	635
870	1412
871	1532
872	1007
873	3505
874	3065
875	20124
876	39634
877	83052
878	18537
879	15458
880	30036
881	29300
882	12766
883	955
884	1146
885	2092
886	2277
887	1302
888	1460
889	2176
890	1760
891	421
892	250
893	317
894	643
895	454
896	582
897	566
898	782
899	1158
900	1992
901	838
902	909
903	321
904	431
905	606
906	1780
907	3348
908	5303
909	7429
910	39068
911	81450
912	56813
913	61396
914	31522
915	1468
916	2738
917	8273
918	1110
919	2822
920	4364
921	3300
922	2626
923	2274
924	1486
925	1353
926	2093
927	3236
928	2555
929	1486
930	1508
931	2048
932	1062
933	1010
934	1489
935	949
936	1473
937	930
938	1525
939	963
940	304
941	160
942	262
943	519
944	318
945	159
946	304
947	224
948	177
949	385
950	344
951	448
952	208
953	216
954	340
955	180
956	1100
957	319
958	158
959	667
960	160
961	263
962	151
963	127
964	119
965	123
966	152
967	196
968	127
969	137
970	144
971	241
972	703
973	269
974	210
975	12
976	59
977	30
978	31
979	45
980	26
981	21
982	33
983	14
984	8
985	260
986	8
987	13
988	5
989	4
990	88
991	29
992	12
993	32
994	1
995	2
996	9
997	4
998	12
999	8
1000	17
1001	1
1002	1
1003	15
1004	12
1005	10
1006	0
1007	0
1008	0
1009	0
1010	0
1011	0
1012	0
1013	0
1014	0
1015	0
1016	0
1017	0
1018	0
1019	0
1020	0
1021	0
1022	0
1023	0
1024	0
1025	0
1026	0
1027	0
1028	0
1029	0
1030	0
1031	0
1032	0
1033	0
1034	0
1035	0
1036	0
1037	0
1038	0
1039	0
1040	0
1041	0
1042	0
1043	0
1044	0
1045	0
1046	0
1047	0
1048	0
1049	0
1050	0
1051	0
1052	0
1053	0
1054	0
1055	0
1056	0
1057	0
1058	0
1059	0
1060	0
1061	0
1062	0
1063	0
1064	0
1065	0
1066	0
1067	0
1068	0
1069	0
1070	0
1071	0
1072	0
1073	0
1074	0
1075	0
1076	0
1077	0
1078	0
1079	0
1080	0
1081	0
1082	0
1083	0
1084	0
1085	0
1086	0
1087	0
1088	0
1089	0
1090	0
1091	0
1092	0
1093	0
1094	0
1095	0
1096	0
1097	0
1098	0
1099	0
1100	0
1101	0
1102	0
1103	0
1104	0
1105	0
1106	0
1107	0
1108	0
1109	0
1110	0
1111	0
1112	0
1113	0
1114	0
1115	0
1116	0
1117	0
1118	0
1119	0
1120	0
1121	0
1122	0
1123	0
1124	0
1125	0
1126	0
1127	0
1128	0
1129	0
1130	0
1131	0
1132	0
1133	0
1134	0
1135	0
1136	0
1137	0
1138	0
1139	0
1140	0
1141	0
1142	0
1143	0
1144	0
1145	0
1146	0
1147	0
1148	0
1149	0
1150	0
1151	0
1152	0
1153	0
1154	0
1155	0
1156	0
1157	0
1158	0
1159	0
1160	0
1161	0
1162	0
1163	0
1164	0
1165	0
1166	0
1167	0
1168	0
1169	0
1170	0
1171	0
1172	0
1173	0
1174	0
1175	0
1176	0
1177	0
1178	0
1179	0
1180	0
1181	0
1182	0
1183	0
1184	0
1185	0
1186	0
1187	0
1188	0
1189	0
1190	0
1191	0
1192	0
1193	0
1194	0
1195	0
1196	0
1197	0
1198	0
1199	0
1200	0
1201	0
1202	0
1203	0
1204	0
1205	0
1206	0
1207	0
1208	0
1209	0
1210	0
1211	0
1212	0
1213	0
1214	0
1215	0
1216	0
1217	0
1218	0
1219	0
1220	425
1221	438
1222	483
1223	495
1224	804
1225	1438
1226	747
1227	787
1228	819
1229	510
1230	384
1231	313
1232	426
1233	446
1234	480
1235	411
1236	509
1237	540
1238	717
1239	927
1240	895
1241	608
1242	870
1243	716
1244	901
1245	1223
1246	890
1247	1496
1248	956
1249	1265
1250	2053
1251	1452
1252	1528
1253	3537
1254	16198
1255	33162
1256	3533
1257	1305
1258	2261
1259	2858
1260	2408
1261	1472
1262	1888
1263	1882
1264	1930
1265	1017
1266	2217
1267	5213
1268	12077
1269	28127
1270	51905
1271	45977
1272	29855
1273	50098
1274	90779
1275	58387
1276	31575
1277	22040
1278	27714
1279	35273
1280	23574
1281	1482
1282	2576
1283	3101
1284	4241
1285	6032
1286	8234
1287	1235
1288	1596
1289	3317
1290	2633
1291	1340
1292	2069
1293	2353
1294	2723
1295	2554
1296	1837
1297	1229
1298	2301
1299	2739
1300	1501
1301	3831
1302	8795
1303	7323
1304	12822
1305	13314
1306	37646
1307	28313
1308	17762
1309	2278
1310	2091
1311	1387
1312	1351
1313	1678
1314	1724
1315	1564
1316	965
1317	1465
1318	1189
1319	1603
1320	1112
1321	853
1322	1195
1323	873
1324	748
1325	548
1326	859
1327	487
1328	373
1329	382
1330	348
1331	247
1332	290
1333	234
1334	162
1335	155
1336	162
1337	153
1338	136
1339	122
1340	0
1341	1
1342	5
1343	8
1344	11
1345	7
1346	8
1347	8
1348	23
1349	15
1350	12
1351	107
1352	39
1353	133
1354	11
1355	51
1356	14
1357	12
1358	11
1359	11
1360	36
1361	90
1362	10
1363	5
1364	2
1365	0
1366	10
1367	14
1368	10
1369	2
1370	1
1371	0
1372	0
1373	0
1374	0
1375	0
1376	0
1377	0
1378	0
1379	0
1380	0
1381	0
1382	0
1383	0
1384	0
1385	0
1386	0
1387	0
1388	0
1389	0
1390	0
1391	0
1392	0
1393	0
1394	0
1395	0
1396	0
1397	0
1398	0
1399	0
1400	0
1401	0
1402	0
1403	0
1404	0
1405	0
1406	0
1407	0
1408	0
1409	0
1410	0
1411	0
1412	0
1413	0
1414	0
1415	0
1416	0
1417	0
1418	0
1419	0
1420	0
1421	0
1422	0
1423	0
1424	0
1425	0
1426	0
1427	0
1428	0
1429	0
1430	0
1431	0
1432	0
1433	0
1434	0
1435	0
1436	0
1437	0
1438	0
1439	0
1440	0
1441	0
1442	0
1443	0
1444	0
1445	0
1446	0
1447	0
1448	0
1449	0
1450	0
1451	0
1452	0
1453	0
1454	0
1455	0
1456	0
1457	0
1458	0
1459	0
1460	0
1461	0
1462	0
1463	0
1464	0
1465	0
1466	0
1467	0
1468	0
1469	0
1470	0
1471	0
1472	0
1473	0
1474	0
1475	0
1476	0
1477	0
1478	0
1479	0
1480	0
1481	0
1482	0
1483	0
1484	0
1485	0
1486	0
1487	0
1488	0
1489	0
1490	0
1491	0
1492	0
1493	0
1494	0
1495	0
1496	0
1497	0
1498	0
1499	0
1500	0
1501	0
1502	0
1503	0
1504	0
1505	0
1506	0
1507	0
1508	0
1509	0
1510	0
1511	0
1512	0
1513	0
1514	0
1515	0
1516	0
1517	0
1518	0
1519	0
1520	0
1521	0
1522	0
1523	0
1524	0
1525	0
1526	0
1527	0
1528	0
1529	0
1530	0
1531	0
1532	0
1533	0
1534	0
1535	0
1536	0
1537	0
1538	0
1539	0
1540	0
1541	0
1542	0
1543	0
1544	0
1545	0
1546	0
1547	0
1548	0
1549	0
1550	0
1551	0
1552	0
1553	0
1554	0
1555	0
1556	0
1557	0
1558	0
1559	0
1560	0
1561	0
1562	0
1563	0
1564	0
1565	0
1566	0
1567	0
1568	0
1569	0
1570	0
1571	0
1572	0
1573	0
1574	0
1575	0
1576	0
1577	0
1578	0
1579	0
1580	0
1581	0
1582	0
1583	0
1584	0
1585	429
1586	479
1587	615
1588	810
1589	545
1590	1353
1591	391
1592	2111
1593	1102
1594	1189
1595	929
1596	1369
1597	582
1598	913
1599	1453
1600	1545
1601	1412
1602	1077
1603	1222
1604	1528
1605	961
1606	521
1607	755
1608	896
1609	1920
1610	1143
1611	2106
1612	2612
1613	1734
1614	999
1615	989
1616	1918
1617	3004
1618	5233
1619	12748
1620	7963
1621	16485
1622	51243
1623	32634
1624	33445
1625	34230
1626	3727
1627	1513
1628	2935
1629	3524
1630	4785
1631	12988
1632	31852
1633	51727
1634	70072
1635	65261
1636	24958
1637	6233
1638	32096
1639	83365
1640	89532
1641	3912
1642	6581
1643	14015
1644	28920
1645	26573
1646	15011
1647	27992
1648	100936
1649	112223
1650	44536
1651	6192
1652	43923
1653	17381
1654	2133
1655	5656
1656	18714
1657	35870
1658	20827
1659	12305
1660	33913
1661	42256
1662	33825
1663	11565
1664	2505
1665	3283
1666	3335
1667	3160
1668	2852
1669	2292
1670	3568
1671	3654
1672	2524
1673	2916
1674	2100
1675	1885
1676	2219
1677	2110
1678	2502
1679	2286
1680	2080
1681	2249
1682	2226
1683	2261
1684	1949
1685	1172
1686	1030
1687	738
1688	592
1689	573
1690	509
1691	500
1692	441
1693	507
1694	456
1695	504
1696	611
1697	488
1698	325
1699	366
1700	469
1701	642
1702	978
1703	1655
1704	735
1705	236
1706	157
1707	62
1708	72
1709	65
1710	17
1711	14
1712	32
1713	23
1714	33
1715	21
1716	198
1717	431
1718	163
1719	16
1720	22
1721	9
1722	21
1723	33
1724	4
1725	15
1726	10
1727	6
1728	5
1729	1
1730	4
1731	21
1732	24
1733	7
1734	588
1735	662
1736	87
1737	0
1738	0
1739	0
1740	0
1741	0
1742	0
1743	0
1744	0
1745	0
1746	0
1747	0
1748	0
1749	0
1750	0
1751	0
1752	0
1753	0
1754	0
1755	0
1756	0
1757	0
1758	0
1759	0
1760	0
1761	0
1762	0
1763	0
1764	0
1765	0
1766	0
1767	0
1768	0
1769	0
1770	0
1771	0
1772	0
1773	0
1774	0
1775	0
1776	0
1777	0
1778	0
1779	0
1780	0
1781	0
1782	0
1783	0
1784	0
1785	0
1786	0
1787	0
1788	0
1789	0
1790	0
1791	0
1792	0
1793	0
1794	0
1795	0
1796	0
1797	0
1798	0
1799	0
1800	0
1801	0
1802	0
1803	0
1804	0
1805	0
1806	0
1807	0
1808	0
1809	0
1810	0
1811	0
1812	0
1813	0
1814	0
1815	0
1816	0
1817	0
1818	0
1819	0
1820	0
1821	0
1822	0
1823	0
1824	0
1825	0
1826	0
1827	0
1828	0
1829	0
1830	0
1831	0
1832	0
1833	0
1834	0
1835	0
1836	0
1837	0
1838	0
1839	0
1840	0
1841	0
1842	0
1843	0
1844	0
1845	0
1846	0
1847	0
1848	0
1849	0
1850	0
1851	0
1852	0
1853	0
1854	0
1855	0
1856	0
1857	0
1858	0
1859	0
1860	0
1861	0
1862	0
1863	0
1864	0
1865	0
1866	0
1867	0
1868	0
1869	0
1870	0
1871	0
1872	0
1873	0
1874	0
1875	0
1876	0
1877	0
1878	0
1879	0
1880	0
1881	0
1882	0
1883	0
1884	0
1885	0
1886	0
1887	0
1888	0
1889	0
1890	0
1891	0
1892	0
1893	0
1894	0
1895	0
1896	0
1897	0
1898	0
1899	0
1900	0
1901	0
1902	0
1903	0
1904	0
1905	0
1906	0
1907	0
1908	0
1909	0
1910	0
1911	0
1912	0
1913	0
1914	0
1915	0
1916	0
1917	0
1918	0
1919	0
1920	0
1921	0
1922	0
1923	0
1924	0
1925	0
1926	0
1927	0
1928	0
1929	0
1930	0
1931	0
1932	0
1933	0
1934	0
1935	0
1936	0
1937	0
1938	0
1939	0
1940	0
1941	0
1942	0
1943	0
1944	0
1945	0
1946	0
1947	0
1948	0
1949	0
1950	0
1951	135
1952	130
1953	161
1954	1106
1955	828
1956	901
1957	312
1958	302
1959	312
1960	518
1961	626
1962	1241
1963	850
1964	1069
1965	485
1966	458
1967	439
1968	347
1969	425
1970	546
1971	552
1972	917
1973	1908
1974	889
1975	870
1976	932
1977	2601
1978	2117
1979	3350
1980	18486
1981	1424
1982	2243
1983	2946
1984	2014
1985	1196
1986	1617
1987	2403
1988	2809
1989	3518
1990	4298
1991	4069
1992	7139
1993	11816
1994	12336
1995	21627
1996	9227
1997	3002
1998	3856
1999	5275
2000	11622
2001	18182
2002	26490
2003	2131
2004	1122
2005	1095
2006	2267
2007	1738
2008	1515
2009	2257
2010	2562
2011	727
2012	1877
2013	985
2014	597
2015	584
2016	990
2017	1570
2018	1039
2019	390
2020	222
2021	395
2022	407
2023	500
2024	348
2025	638
2026	494
2027	487
2028	1034
2029	1478
2030	1630
2031	1194
2032	466
2033	727
2034	1213
2035	2082
2036	1828
2037	1280
2038	1508
2039	1300
2040	1151
2041	966
2042	730
2043	593
2044	475
2045	717
2046	379
2047	482
2048	763
2049	1799
2050	455
2051	333
2052	375
2053	326
2054	313
2055	429
2056	286
2057	385
2058	349
2059	193
2060	176
2061	141
2062	157
2063	134
2064	105
2065	101
2066	125
2067	62
2068	128
2069	151
2070	131
2071	34
2072	69
2073	134
2074	96
2075	77
2076	54
2077	61
2078	26
2079	19
2080	12
2081	9
2082	4
2083	3
2084	7
2085	5
2086	13
2087	9
2088	6
2089	1
2090	2
2091	3
2092	1
2093	3
2094	2
2095	0
2096	12
2097	296
2098	1630
2099	23
2100	14
2101	2
2102	0
2103	0
2104	0
2105	0
2106	0
2107	0
2108	0
2109	0
2110	0
2111	0
2112	0
2113	0
2114	0
2115	0
2116	0
2117	0
2118	0
2119	0
2120	0
2121	0
2122	0
2123	0
2124	0
2125	0
2126	0
2127	0
2128	0
2129	0
2130	0
2131	0
2132	0
2133	0
2134	0
2135	0
2136	0
2137	0
2138	0
2139	0
2140	0
2141	0
2142	0
2143	0
2144	0
2145	0
2146	0
2147	0
2148	0
2149	0
2150	0
2151	0
2152	0
2153	0
2154	0
2155	0
2156	0
2157	0
2158	0
2159	0
2160	0
2161	0
2162	0
2163	0
2164	0
2165	0
2166	0
2167	0
2168	0
2169	0
2170	0
2171	0
2172	0
2173	0
2174	0
2175	0
2176	0
2177	0
2178	0
2179	0
2180	0
2181	0
2182	0
2183	0
2184	0
2185	0
2186	0
2187	0
2188	0
2189	0
2190	0
2191	0
2192	0
2193	0
2194	0
2195	0
2196	0
2197	0
2198	0
2199	0
2200	0
2201	0
2202	0
2203	0
2204	0
2205	0
2206	0
2207	0
2208	0
2209	0
2210	0
2211	0
2212	0
2213	0
2214	0
2215	0
2216	0
2217	0
2218	0
2219	0
2220	0
2221	0
2222	0
2223	0
2224	0
2225	0
2226	0
2227	0
2228	0
2229	0
2230	0
2231	0
2232	0
2233	0
2234	0
2235	0
2236	0
2237	0
2238	0
2239	0
2240	0
2241	0
2242	0
2243	0
2244	0
2245	0
2246	0
2247	0
2248	0
2249	0
2250	0
2251	0
2252	0
2253	0
2254	0
2255	0
2256	0
2257	0
2258	0
2259	0
2260	0
2261	0
2262	0
2263	0
2264	0
2265	0
2266	0
2267	0
2268	0
2269	0
2270	0
2271	0
2272	0
2273	0
2274	0
2275	0
2276	0
2277	0
2278	0
2279	0
2280	0
2281	0
2282	0
2283	0
2284	0
2285	0
2286	0
2287	0
2288	0
2289	0
2290	0
2291	0
2292	0
2293	0
2294	0
2295	0
2296	0
2297	0
2298	0
2299	0
2300	0
2301	0
2302	0
2303	0
2304	0
2305	0
2306	0
2307	0
2308	0
2309	0
2310	0
2311	0
2312	0
2313	0
2314	0
2315	0
2316	1226
2317	1231
2318	1280
2319	1273
2320	1600
2321	1515
2322	1803
2323	1380
2324	1291
2325	1555
2326	1451
2327	1506
2328	1591
2329	1617
2330	1666
2331	1693
2332	1673
2333	1435
2334	1524
2335	1709
2336	1898
2337	1842
2338	2755
2339	2578
2340	3519
2341	3729
2342	3608
2343	3593
2344	3300
2345	3740
2346	4234
2347	3344
2348	2741
2349	4131
2350	5067
2351	6520
2352	5967
2353	14382
2354	24443
2355	26758
2356	14256
2357	3271
2358	3475
2359	3428
2360	4152
2361	2639
2362	4867
2363	29057
2364	67355
2365	96698
2366	135225
2367	171365
2368	131109
2369	135387
2370	52334
2371	121325
2372	183388
2373	192574
2374	202583
2375	204774
2376	160932
2377	164512
2378	127832
2379	42214
2380	111745
2381	190773
2382	198393
2383	182070
2384	36092
2385	117311
2386	143369
2387	151361
2388	189133
2389	204407
2390	188289
2391	160334
2392	176285
2393	156841
2394	135443
2395	24391
2396	56446
2397	10247
2398	14071
2399	14336
2400	3257
2401	2408
2402	3065
2403	3326
2404	2373
2405	2850
2406	3020
2407	2765
2408	1853
2409	2319
2410	2512
2411	2182
2412	2204
2413	2357
2414	2155
2415	1670
2416	1901
2417	1318
2418	1547
2419	1352
2420	1245
2421	1248
2422	1502
2423	1295
2424	1473
2425	2539
2426	1482
2427	1269
2428	1333
2429	1284
2430	1254
2431	1244
2432	1243
2433	1206
2434	1190
2435	1145
2436	81
2437	76
2438	40
2439	44
2440	45
2441	29
2442	70
2443	77
2444	38
2445	38
2446	102
2447	45
2448	29
2449	562
2450	285
2451	48
2452	19
2453	12
2454	183
2455	79
2456	2
2457	10
2458	0
2459	0
2460	2
2461	344
2462	53
2463	0
2464	23
2465	9
2466	24
2467	0
2468	0
2469	0
2470	0
2471	0
2472	0
2473	0
2474	0
2475	0
2476	0
2477	0
2478	0
2479	0
2480	0
2481	0
2482	0
2483	0
2484	0
2485	0
2486	0
2487	0
2488	0
2489	0
2490	0
2491	0
2492	0
2493	0
2494	0
2495	0
2496	0
2497	0
2498	0
2499	0
2500	0
2501	0
2502	0
2503	0
2504	0
2505	0
2506	0
2507	0
2508	0
2509	0
2510	0
2511	0
2512	0
2513	0
2514	0
2515	0
2516	0
2517	0
2518	0
2519	0
2520	0
2521	0
2522	0
2523	0
2524	0
2525	0
2526	0
2527	0
2528	0
2529	0
2530	0
2531	0
2532	0
2533	0
2534	0
2535	0
2536	0
2537	0
2538	0
2539	0
2540	0
2541	0
2542	0
2543	0
2544	0
2545	0
2546	0
2547	0
2548	0
2549	0
2550	0
2551	0
2552	0
2553	0
2554	0
2555	0
2556	0
2557	0
2558	0
2559	0
2560	0
2561	0
2562	0
2563	0
2564	0
2565	0
2566	0
2567	0
2568	0
2569	0
2570	0
2571	0
2572	0
2573	0
2574	0
2575	0
2576	0
2577	0
2578	0
2579	0
2580	0
2581	0
2582	0
2583	0
2584	0
2585	0
2586	0
2587	0
2588	0
2589	0
2590	0
2591	0
2592	0
2593	0
2594	0
2595	0
2596	0
2597	0
2598	0
2599	0
2600	0
2601	0
2602	0
2603	0
2604	0
2605	0
2606	0
2607	0
2608	0
2609	0
2610	0
2611	0
2612	0
2613	0
2614	0
2615	0
2616	0
2617	0
2618	0
2619	0
2620	0
2621	0
2622	0
2623	0
2624	0
2625	0
2626	0
2627	0
2628	0
2629	0
2630	0
2631	0
2632	0
2633	0
2634	0
2635	0
2636	0
2637	0
2638	0
2639	0
2640	0
2641	0
2642	0
2643	0
2644	0
2645	0
2646	0
2647	0
2648	0
2649	0
2650	0
2651	0
2652	0
2653	0
2654	0
2655	0
2656	0
2657	0
2658	0
2659	0
2660	0
2661	0
2662	0
2663	0
2664	0
2665	0
2666	0
2667	0
2668	0
2669	0
2670	0
2671	0
2672	0
2673	0
2674	0
2675	0
2676	0
2677	0
2678	0
2679	0
2680	0
2681	124
2682	136
2683	114
2684	86
2685	200
2686	183
2687	159
2688	150
2689	151
2690	168
2691	141
2692	197
2693	226
2694	146
2695	118
2696	154
2697	810
2698	1951
2699	458
2700	369
2701	342
2702	246
2703	326
2704	414
2705	383
2706	427
2707	415
2708	519
2709	605
2710	420
2711	479
2712	377
2713	357
2714	624
2715	1296
2716	2144
2717	2357
2718	2826
2719	3019
2720	3103
2721	2544
2722	2846
2723	3012
2724	3506
2725	1371
2726	433
2727	409
2728	636
2729	1181
2730	758
2731	481
2732	1146
2733	1255
2734	1189
2735	1927
2736	2010
2737	1459
2738	2942
2739	4265
2740	8063
2741	4306
2742	7925
2743	27325
2744	29936
2745	35115
2746	7878
2747	9493
2748	15310
2749	10423
2750	25214
2751	29777
2752	37077
2753	5181
2754	2129
2755	1010
2756	2125
2757	2538
2758	1332
2759	1203
2760	1912
2761	2122
2762	14689
2763	2229
2764	7343
2765	6882
2766	4336
2767	3607
2768	2691
2769	2236
2770	2143
2771	1994
2772	1375
2773	1801
2774	1577
2775	1303
2776	820
2777	623
2778	579
2779	458
2780	632
2781	406
2782	383
2783	238
2784	235
2785	126
2786	153
2787	131
2788	210
2789	168
2790	150
2791	143
2792	152
2793	327
2794	108
2795	118
2796	251
2797	111
2798	133
2799	151
2800	195
2801	61
2802	66
2803	57
2804	56
2805	32
2806	24
2807	13
2808	20
2809	22
2810	21
2811	19
2812	16
2813	20
2814	17
2815	20
2816	84
2817	233
2818	7
2819	7
2820	11
2821	11
2822	233
2823	489
2824	114
2825	8
2826	2
2827	75
2828	3
2829	17
2830	13
2831	2
2832	0
2833	0
2834	0
2835	0
2836	0
2837	0
2838	0
2839	0
2840	0
2841	0
2842	0
2843	0
2844	0
2845	0
2846	0
2847	0
2848	0
2849	0
2850	0
2851	0
2852	0
2853	0
2854	0
2855	0
2856	0
2857	0
2858	0
2859	0
2860	0
2861	0
2862	0
2863	0
2864	0
2865	0
2866	0
2867	0
2868	0
2869	0
2870	0
2871	0
2872	0
2873	0
2874	0
2875	0
2876	0
2877	0
2878	0
2879	0
2880	0
2881	0
2882	0
2883	0
2884	0
2885	0
2886	0
2887	0
2888	0
2889	0
2890	0
2891	0
2892	0
2893	0
2894	0
2895	0
2896	0
2897	0
2898	0
2899	0
2900	0
2901	0
2902	0
2903	0
2904	0
2905	0
2906	0
2907	0
2908	0
2909	0
2910	0
2911	0
2912	0
2913	0
2914	0
2915	0
2916	0
2917	0
2918	0
2919	0
2920	0
2921	0
2922	0
2923	0
2924	0
2925	0
2926	0
2927	0
2928	0
2929	0
2930	0
2931	0
2932	0
2933	0
2934	0
2935	0
2936	0
2937	0
2938	0
2939	0
2940	0
2941	0
2942	0
2943	0
2944	0
2945	0
2946	0
2947	0
2948	0
2949	0
2950	0
2951	0
2952	0
2953	0
2954	0
2955	0
2956	0
2957	0
2958	0
2959	0
2960	0
2961	0
2962	0
2963	0
2964	0
2965	0
2966	0
2967	0
2968	0
2969	0
2970	0
2971	0
2972	0
2973	0
2974	0
2975	0
2976	0
2977	0
2978	0
2979	0
2980	0
2981	0
2982	0
2983	0
2984	0
2985	0
2986	0
2987	0
2988	0
2989	0
2990	0
2991	0
2992	0
2993	0
2994	0
2995	0
2996	0
2997	0
2998	0
2999	0
3000	0
3001	0
3002	0
3003	0
3004	0
3005	0
3006	0
3007	0
3008	0
3009	0
3010	0
3011	0
3012	0
3013	0
3014	0
3015	0
3016	0
3017	0
3018	0
3019	0
3020	0
3021	0
3022	0
3023	0
3024	0
3025	0
3026	0
3027	0
3028	0
3029	0
3030	0
3031	0
3032	0
3033	0
3034	0
3035	0
3036	0
3037	0
3038	0
3039	0
3040	0
3041	0
3042	0
3043	0
3044	0
3045	0
3046	292
3047	444
3048	332
3049	346
3050	437
3051	349
3052	281
3053	427
3054	664
3055	497
3056	276
3057	550
3058	679
3059	678
3060	570
3061	481
3062	613
3063	660
3064	641
3065	604
3066	927
3067	839
3068	878
3069	564
3070	729
3071	580
3072	759
3073	746
3074	1440
3075	392
3076	1164
3077	1023
3078	876
3079	1983
3080	3535
3081	28604
3082	69785
3083	47893
3084	69615
3085	99864
3086	51662
3087	32358
3088	41711
3089	2384
3090	672
3091	1622
3092	2372
3093	2743
3094	2238
3095	1344
3096	720
3097	906
3098	1196
3099	1596
3100	1291
3101	3583
3102	4052
3103	2449
3104	2391
3105	5680
3106	5502
3107	10420
3108	4339
3109	17251
3110	15981
3111	2898
3112	3027
3113	2586
3114	4308
3115	4716
3116	3524
3117	2706
3118	3739
3119	1472
3120	1166
3121	2081
3122	2348
3123	2329
3124	2123
3125	1940
3126	1713
3127	857
3128	1407
3129	1902
3130	2080
3131	1318
3132	1662
3133	454
3134	701
3135	1106
3136	1232
3137	1025
3138	864
3139	646
3140	702
3141	631
3142	559
3143	437
3144	414
3145	572
3146	483
3147	356
3148	372
3149	363
3150	383
3151	392
3152	320
3153	255
3154	269
3155	277
3156	217
3157	179
3158	197
3159	138
3160	302
3161	147
3162	244
3163	120
3164	111
3165	105
3166	47
3167	25
3168	19
3169	37
3170	16
3171	24
3172	24
3173	25
3174	43
3175	57
3176	20
3177	14
3178	15
3179	16
3180	13
3181	9
3182	13
3183	15
3184	30
3185	7
3186	1
3187	0
3188	1
3189	5
3190	3
3191	9
3192	30
3193	39
3194	21
3195	2
3196	6
3197	2
3198	0
3199	0
3200	0
3201	0
3202	0
3203	0
3204	0
3205	0
3206	0
3207	0
3208	0
3209	0
3210	0
3211	0
3212	0
3213	0
3214	0
3215	0
3216	0
3217	0
3218	0
3219	0
3220	0
3221	0
3222	0
3223	0
3224	0
3225	0
3226	0
3227	0
3228	0
3229	0
3230	0
3231	0
3232	0
3233	0
3234	0
3235	0
3236	0
3237	0
3238	0
3239	0
3240	0
3241	0
3242	0
3243	0
3244	0
3245	0
3246	0
3247	0
3248	0
3249	0
3250	0
3251	0
3252	0
3253	0
3254	0
3255	0
3256	0
3257	0
3258	0
3259	0
3260	0
3261	0
3262	0
3263	0
3264	0
3265	0
3266	0
3267	0
3268	0
3269	0
3270	0
3271	0
3272	0
3273	0
3274	0
3275	0
3276	0
3277	0
3278	0
3279	0
3280	0
3281	0
3282	0
3283	0
3284	0
3285	0
3286	0
3287	0
3288	0
3289	0
3290	0
3291	0
3292	0
3293	0
3294	0
3295	0
3296	0
3297	0
3298	0
3299	0
3300	0
3301	0
3302	0
3303	0
3304	0
3305	0
3306	0
3307	0
3308	0
3309	0
3310	0
3311	0
3312	0
3313	0
3314	0
3315	0
3316	0
3317	0
3318	0
3319	0
3320	0
3321	0
3322	0
3323	0
3324	0
3325	0
3326	0
3327	0
3328	0
3329	0
3330	0
3331	0
3332	0
3333	0
3334	0
3335	0
3336	0
3337	0
3338	0
3339	0
3340	0
3341	0
3342	0
3343	0
3344	0
3345	0
3346	0
3347	0
3348	0
3349	0
3350	0
3351	0
3352	0
3353	0
3354	0
3355	0
3356	0
3357	0
3358	0
3359	0
3360	0
3361	0
3362	0
3363	0
3364	0
3365	0
3366	0
3367	0
3368	0
3369	0
3370	0
3371	0
3372	0
3373	0
3374	0
3375	0
3376	0
3377	0
3378	0
3379	0
3380	0
3381	0
3382	0
3383	0
3384	0
3385	0
3386	0
3387	0
3388	0
3389	0
3390	0
3391	0
3392	0
3393	0
3394	0
3395	0
3396	0
3397	0
3398	0
3399	0
3400	0
3401	0
3402	0
3403	0
3404	0
3405	0
3406	0
3407	0
3408	0
3409	0
3410	0
3411	0
3412	459
3413	478
3414	434
3415	482
3416	546
3417	560
3418	600
3419	747
3420	994
3421	1031
3422	1290
3423	1689
3424	1487
3425	1454
3426	2092
3427	2204
3428	1610
3429	1996
3430	2771
3431	4171
3432	4738
3433	2696
3434	1259
3435	1421
3436	1204
3437	1222
3438	2116
3439	2485
3440	2149
3441	1811
3442	3237
3443	3129
3444	9640
3445	47028
3446	139190
3447	119250
3448	123576
3449	164743
3450	171664
3451	189827
3452	104413
3453	34246
3454	32688
3455	34917
3456	40663
3457	27829
3458	46985
3459	52671
3460	1339
3461	27276
3462	60325
3463	2426
3464	6773
3465	33789
3466	30203
3467	1773
3468	3846
3469	5363
3470	30171
3471	32653
3472	6133
3473	13138
3474	2197
3475	3842
3476	1607
3477	9988
3478	8517
3479	4731
3480	1383
3481	1000
3482	1302
3483	4194
3484	2509
3485	3077
3486	4917
3487	11483
3488	1548
3489	4092
3490	4161
3491	3765
3492	3260
3493	3353
3494	2833
3495	1122
3496	1393
3497	1112
3498	1334
3499	1829
3500	1886
3501	1797
3502	1941
3503	1764
3504	1668
3505	1655
3506	1253
3507	965
3508	853
3509	649
3510	664
3511	581
3512	549
3513	567
3514	835
3515	665
3516	550
3517	1154
3518	567
3519	571
3520	490
3521	470
3522	385
3523	381
3524	377
3525	338
3526	351
3527	375
3528	388
3529	323
3530	325
3531	327
3532	25
3533	138
3534	6
3535	11
3536	32
3537	49
3538	19
3539	17
3540	26
3541	22
3542	4
3543	3
3544	6
3545	9
3546	7
3547	7
3548	5
3549	1
3550	10
3551	5
3552	37
3553	107
3554	18
3555	0
3556	0
3557	1
3558	23
3559	33
3560	1
3561	14
3562	0
3563	0
3564	0
3565	0
3566	0
3567	0
3568	0
3569	0
3570	0
3571	0
3572	0
3573	0
3574	0
3575	0
3576	0
3577	0
3578	0
3579	0
3580	0
3581	0
3582	0
3583	0
3584	0
3585	0
3586	0
3587	0
3588	0
3589	0
3590	0
3591	0
3592	0
3593	0
3594	0
3595	0
3596	0
3597	0
3598	0
3599	0
3600	0
3601	0
3602	0
3603	0
3604	0
3605	0
3606	0
3607	0
3608	0
3609	0
3610	0
3611	0
3612	0
3613	0
3614	0
3615	0
3616	0
3617	0
3618	0
3619	0
3620	0
3621	0
3622	0
3623	0
3624	0
3625	0
3626	0
3627	0
3628	0
3629	0
3630	0
3631	0
3632	0
3633	0
3634	0
3635	0
3636	0
3637	0
3638	0
3639	0
3640	0
3641	0
3642	0
3643	0
3644	0
3645	0
3646	0
3647	0
3648	0
3649	0
3650	0
3651	0
3652	0
3653	0
3654	0
3655	0
3656	0
3657	0
3658	0
3659	0
3660	0
3661	0
3662	0
3663	0
3664	0
3665	0
3666	0
3667	0
3668	0
3669	0
3670	0
3671	0
3672	0
3673	0
3674	0
3675	0
3676	0
3677	0
3678	0
3679	0
3680	0
3681	0
3682	0
3683	0
3684	0
3685	0
3686	0
3687	0
3688	0
3689	0
3690	0
3691	0
3692	0
3693	0
3694	0
3695	0
3696	0
3697	0
3698	0
3699	0
3700	0
3701	0
3702	0
3703	0
3704	0
3705	0
3706	0
3707	0
3708	0
3709	0
3710	0
3711	0
3712	0
3713	0
3714	0
3715	0
3716	0
3717	0
3718	0
3719	0
3720	0
3721	0
3722	0
3723	0
3724	0
3725	0
3726	0
3727	0
3728	0
3729	0
3730	0
3731	0
3732	0
3733	0
3734	0
3735	0
3736	0
3737	0
3738	0
3739	0
3740	0
3741	0
3742	0
3743	0
3744	0
3745	0
3746	0
3747	0
3748	0
3749	0
3750	0
3751	0
3752	0
3753	0
3754	0
3755	0
3756	0
3757	0
3758	0
3759	0
3760	0
3761	0
3762	0
3763	0
3764	0
3765	0
3766	0
3767	0
3768	0
3769	0
3770	0
3771	0
3772	0
3773	0
3774	0
3775	0
3776	0
3777	535
3778	724
3779	735
3780	603
3781	458
3782	574
3783	633
3784	670
3785	693
3786	619
3787	1148
3788	631
3789	532
3790	630
3791	757
3792	571
3793	743
3794	733
3795	696
3796	619
3797	782
3798	831
3799	1151
3800	814
3801	1039
3802	1514
3803	2604
3804	1902
3805	2377
3806	1295
3807	1280
3808	1285
3809	2695
3810	4027
3811	18222
3812	75717
3813	13605
3814	46920
3815	65995
3816	74382
3817	54774
3818	41697
3819	50290
3820	53883
3821	43337
3822	26409
3823	1950
3824	1781
3825	3002
3826	7632
3827	2316
3828	2001
3829	7422
3830	2889
3831	21286
3832	35805
3833	33158
3834	57938
3835	64799
3836	40841
3837	47149
3838	54450
3839	56546
3840	23815
3841	4026
3842	1315
3843	2275
3844	3566
3845	5129
3846	6465
3847	3872
3848	2196
3849	2920
3850	8486
3851	27771
3852	18198
3853	71062
3854	98695
3855	47231
3856	2043
3857	4168
3858	1869
3859	2723
3860	2563
3861	3146
3862	2050
3863	1760
3864	1547
3865	1434
3866	1617
3867	1469
3868	1851
3869	2069
3870	2025
3871	1872
3872	1832
3873	1425
3874	872
3875	1107
3876	1284
3877	642
3878	553
3879	541
3880	506
3881	380
3882	425
3883	428
3884	428
3885	634
3886	400
3887	575
3888	365
3889	338
3890	333
3891	269
3892	279
3893	288
3894	311
3895	497
3896	308
3897	116
3898	363
3899	85
3900	559
3901	31
3902	21
3903	46
3904	81
3905	44
3906	49
3907	80
3908	47
3909	42
3910	19
3911	22
3912	12
3913	14
3914	17
3915	22
3916	15
3917	5
3918	4
3919	19
3920	60
3921	30
3922	29
3923	13
3924	6
3925	27
3926	13
3927	1
3928	0
3929	0
3930	0
3931	0
3932	0
3933	0
3934	0
3935	0
3936	0
3937	0
3938	0
3939	0
3940	0
3941	0
3942	0
3943	0
3944	0
3945	0
3946	0
3947	0
3948	0
3949	0
3950	0
3951	0
3952	0
3953	0
3954	0
3955	0
3956	0
3957	0
3958	0
3959	0
3960	0
3961	0
3962	0
3963	0
3964	0
3965	0
3966	0
3967	0
3968	0
3969	0
3970	0
3971	0
3972	0
3973	0
3974	0
3975	0
3976	0
3977	0
3978	0
3979	0
3980	0
3981	0
3982	0
3983	0
3984	0
3985	0
3986	0
3987	0
3988	0
3989	0
3990	0
3991	0
3992	0
3993	0
3994	0
3995	0
3996	0
3997	0
3998	0
3999	0
4000	0
4001	0
4002	0
4003	0
4004	0
4005	0
4006	0
4007	0
4008	0
4009	0
4010	0
4011	0
4012	0
4013	0
4014	0
4015	0
4016	0
4017	0
4018	0
4019	0
4020	0
4021	0
4022	0
4023	0
4024	0
4025	0
4026	0
4027	0
4028	0
4029	0
4030	0
4031	0
4032	0
4033	0
4034	0
4035	0
4036	0
4037	0
4038	0
4039	0
4040	0
4041	0
4042	0
4043	0
4044	0
4045	0
4046	0
4047	0
4048	0
4049	0
4050	0
4051	0
4052	0
4053	0
4054	0
4055	0
4056	0
4057	0
4058	0
4059	0
4060	0
4061	0
4062	0
4063	0
4064	0
4065	0
4066	0
4067	0
4068	0
4069	0
4070	0
4071	0
4072	0
4073	0
4074	0
4075	0
4076	0
4077	0
4078	0
4079	0
4080	0
4081	0
4082	0
4083	0
4084	0
4085	0
4086	0
4087	0
4088	0
4089	0
4090	0
4091	0
4092	0
4093	0
4094	0
4095	0
4096	0
4097	0
4098	0
4099	0
4100	0
4101	0
4102	0
4103	0
4104	0
4105	0
4106	0
4107	0
4108	0
4109	0
4110	0
4111	0
4112	0
4113	0
4114	0
4115	0
4116	0
4117	0
4118	0
4119	0
4120	0
4121	0
4122	0
4123	0
4124	0
4125	0
4126	0
4127	0
4128	0
4129	0
4130	0
4131	0
4132	0
4133	0
4134	0
4135	0
4136	0
4137	0
4138	0
4139	0
4140	0
4141	0
4142	233
4143	223
4144	244
4145	168
4146	119
4147	138
4148	188
4149	217
4150	242
4151	229
4152	338
4153	316
4154	286
4155	260
4156	296
4157	367
4158	271
4159	649
4160	530
4161	350
4162	409
4163	630
4164	843
4165	1064
4166	1061
4167	1161
4168	1846
4169	1937
4170	2209
4171	1552
4172	561
4173	1932
4174	2111
4175	2258
4176	2545
4177	3540
4178	6123
4179	16577
4180	4856
4181	2007
4182	1698
4183	2339
4184	1799
4185	1579
4186	1979
4187	2045
4188	2298
4189	2829
4190	1136
4191	1099
4192	2257
4193	3388
4194	2568
4195	1953
4196	688
4197	609
4198	723
4199	818
4200	1489
4201	3144
4202	4256
4203	1673
4204	5269
4205	25542
4206	38459
4207	17220
4208	6310
4209	18297
4210	34479
4211	29581
4212	32839
4213	59798
4214	98179
4215	89784
4216	14674
4217	3769
4218	2860
4219	1642
4220	5078
4221	2824
4222	6221
4223	6487
4224	6619
4225	22836
4226	56514
4227	62254
4228	50887
4229	67691
4230	19818
4231	32914
4232	16305
4233	3956
4234	2770
4235	1215
4236	1426
4237	1367
4238	1371
4239	1342
4240	1691
4241	1776
4242	1245
4243	443
4244	474
4245	360
4246	496
4247	619
4248	362
4249	272
4250	328
4251	272
4252	321
4253	275
4254	300
4255	272
4256	272
4257	204
4258	207
4259	203
4260	211
4261	203
4262	45
4263	26
4264	37
4265	199
4266	622
4267	72
4268	71
4269	46
4270	29
4271	19
4272	23
4273	10
4274	7
4275	33
4276	14
4277	45
4278	81
4279	17
4280	6
4281	12
4282	4
4283	44
4284	1
4285	6
4286	16
4287	10
4288	22
4289	1
4290	2
4291	0
4292	0
4293	0
4294	0
4295	0
4296	0
4297	0
4298	0
4299	0
4300	0
4301	0
4302	0
4303	0
4304	0
4305	0
4306	0
4307	0
4308	0
4309	0
4310	0
4311	0
4312	0
4313	0
4314	0
4315	0
4316	0
4317	0
4318	0
4319	0
4320	0
4321	0
4322	0
4323	0
4324	0
4325	0
4326	0
4327	0
4328	0
4329	0
4330	0
4331	0
4332	0
4333	0
4334	0
4335	0
4336	0
4337	0
4338	0
4339	0
4340	0
4341	0
4342	0
4343	0
4344	0
4345	0
4346	0
4347	0
4348	0
4349	0
4350	0
4351	0
4352	0
4353	0
4354	0
4355	0
4356	0
4357	0
4358	0
4359	0
4360	0
4361	0
4362	0
4363	0
4364	0
4365	0
4366	0
4367	0
4368	0
4369	0
4370	0
4371	0
4372	0
4373	0
4374	0
4375	0
4376	0
4377	0
4378	0
4379	0
4380	0
4381	0
4382	0
4383	0
4384	0
4385	0
4386	0
4387	0
4388	0
4389	0
4390	0
4391	0
4392	0
4393	0
4394	0
4395	0
4396	0
4397	0
4398	0
4399	0
4400	0
4401	0
4402	0
4403	0
4404	0
4405	0
4406	0
4407	0
4408	0
4409	0
4410	0
4411	0
4412	0
4413	0
4414	0
4415	0
4416	0
4417	0
4418	0
4419	0
4420	0
4421	0
4422	0
4423	0
4424	0
4425	0
4426	0
4427	0
4428	0
4429	0
4430	0
4431	0
4432	0
4433	0
4434	0
4435	0
4436	0
4437	0
4438	0
4439	0
4440	0
4441	0
4442	0
4443	0
4444	0
4445	0
4446	0
4447	0
4448	0
4449	0
4450	0
4451	0
4452	0
4453	0
4454	0
4455	0
4456	0
4457	0
4458	0
4459	0
4460	0
4461	0
4462	0
4463	0
4464	0
4465	0
4466	0
4467	0
4468	0
4469	0
4470	0
4471	0
4472	0
4473	0
4474	0
4475	0
4476	0
4477	0
4478	0
4479	0
4480	0
4481	0
4482	0
4483	0
4484	0
4485	0
4486	0
4487	0
4488	0
4489	0
4490	0
4491	0
4492	0
4493	0
4494	0
4495	0
4496	0
4497	0
4498	0
4499	0
4500	0
4501	0
4502	0
4503	0
4504	0
4505	0
4506	0
4507	115
4508	128
4509	135
4510	139
4511	197
4512	175
4513	175
4514	392
4515	787
4516	288
4517	408
4518	350
4519	426
4520	355
4521	370
4522	421
4523	406
4524	367
4525	556
4526	469
4527	519
4528	814
4529	741
4530	1961
4531	2042
4532	1285
4533	1072
4534	1815
4535	837
4536	857
4537	997
4538	1673
4539	468
4540	937
4541	675
4542	518
4543	1061
4544	1525
4545	2685
4546	2981
4547	3152
4548	4593
4549	14363
4550	29156
4551	42394
4552	58076
4553	49070
4554	37748
4555	31535
4556	33392
4557	45498
4558	11860
4559	49609
4560	86934
4561	56322
4562	4004
4563	1133
4564	3610
4565	10612
4566	17442
4567	19747
4568	11458
4569	8674
4570	17092
4571	9531
4572	3917
4573	9624
4574	5775
4575	2161
4576	699
4577	1047
4578	3075
4579	5795
4580	6660
4581	4747
4582	3960
4583	2547
4584	8591
4585	20537
4586	32799
4587	18582
4588	13321
4589	3039
4590	2981
4591	2485
4592	2845
4593	2285
4594	1539
4595	1359
4596	2135
4597	1949
4598	1646
4599	1487
4600	1013
4601	856
4602	832
4603	813
4604	654
4605	543
4606	345
4607	275
4608	382
4609	320
4610	302
4611	344
4612	302
4613	478
4614	256
4615	273
4616	322
4617	344
4618	289
4619	413
4620	125
4621	269
4622	196
4623	453
4624	307
4625	289
4626	168
4627	78
4628	123
4629	55
4630	13
4631	22
4632	57
4633	28
4634	16
4635	17
4636	7
4637	13
4638	19
4639	10
4640	15
4641	13
4642	12
4643	15
4644	5
4645	11
4646	21
4647	0
4648	1
4649	2
4650	9
4651	306
4652	39
4653	152
4654	62
4655	218
4656	1
4657	0
4658	0
4659	0
4660	0
4661	0
4662	0
4663	0
4664	0
4665	0
4666	0
4667	0
4668	0
4669	0
4670	0
4671	0
4672	0
4673	0
4674	0
4675	0
4676	0
4677	0
4678	0
4679	0
4680	0
4681	0
4682	0
4683	0
4684	0
4685	0
4686	0
4687	0
4688	0
4689	0
4690	0
4691	0
4692	0
4693	0
4694	0
4695	0
4696	0
4697	0
4698	0
4699	0
4700	0
4701	0
4702	0
4703	0
4704	0
4705	0
4706	0
4707	0
4708	0
4709	0
4710	0
4711	0
4712	0
4713	0
4714	0
4715	0
4716	0
4717	0
4718	0
4719	0
4720	0
4721	0
4722	0
4723	0
4724	0
4725	0
4726	0
4727	0
4728	0
4729	0
4730	0
4731	0
4732	0
4733	0
4734	0
4735	0
4736	0
4737	0
4738	0
4739	0
4740	0
4741	0
4742	0
4743	0
4744	0
4745	0
4746	0
4747	0
4748	0
4749	0
4750	0
4751	0
4752	0
4753	0
4754	0
4755	0
4756	0
4757	0
4758	0
4759	0
4760	0
4761	0
4762	0
4763	0
4764	0
4765	0
4766	0
4767	0
4768	0
4769	0
4770	0
4771	0
4772	0
4773	0
4774	0
4775	0
4776	0
4777	0
4778	0
4779	0
4780	0
4781	0
4782	0
4783	0
4784	0
4785	0
4786	0
4787	0
4788	0
4789	0
4790	0
4791	0
4792	0
4793	0
4794	0
4795	0
4796	0
4797	0
4798	0
4799	0
4800	0
4801	0
4802	0
4803	0
4804	0
4805	0
4806	0
4807	0
4808	0
4809	0
4810	0
4811	0
4812	0
4813	0
4814	0
4815	0
4816	0
4817	0
4818	0
4819	0
4820	0
4821	0
4822	0
4823	0
4824	0
4825	0
4826	0
4827	0
4828	0
4829	0
4830	0
4831	0
4832	0
4833	0
4834	0
4835	0
4836	0
4837	0
4838	0
4839	0
4840	0
4841	0
4842	0
4843	0
4844	0
4845	0
4846	0
4847	0
4848	0
4849	0
4850	0
4851	0
4852	0
4853	0
4854	0
4855	0
4856	0
4857	0
4858	0
4859	0
4860	0
4861	0
4862	0
4863	0
4864	0
4865	0
4866	0
4867	0
4868	0
4869	0
4870	0
4871	0
4872	0
4873	796
4874	800
4875	791
4876	809
4877	876
4878	904
4879	883
4880	966
4881	999
4882	1220
4883	1235
4884	1165
4885	1044
4886	1163
4887	1103
4888	1135
4889	1090
4890	1274
4891	1314
4892	1865
4893	1993
4894	1298
4895	1160
4896	1094
4897	1658
4898	2531
4899	1288
4900	1659
4901	2287
4902	2844
4903	5552
4904	3673
4905	3952
4906	1511
4907	1897
4908	2697
4909	3872
4910	18089
4911	31757
4912	36394
4913	41076
4914	38114
4915	38382
4916	59421
4917	12412
4918	4598
4919	41522
4920	88804
4921	115465
4922	53846
4923	35505
4924	56494
4925	35462
4926	23103
4927	47056
4928	147358
4929	201495
4930	212479
4931	223547
4932	206065
4933	181088
4934	136398
4935	193868
4936	94847
4937	104089
4938	124161
4939	153960
4940	60137
4941	113131
4942	186337
4943	98877
4944	17138
4945	40479
4946	17380
4947	62901
4948	8171
4949	2753
4950	2342
4951	3002
4952	4989
4953	3512
4954	2833
4955	3642
4956	5123
4957	6291
4958	10016
4959	10297
4960	5164
4961	2422
4962	3363
4963	2899
4964	2605
4965	2831
4966	2729
4967	2758
4968	2867
4969	2085
4970	1630
4971	1490
4972	1827
4973	1259
4974	1535
4975	1544
4976	998
4977	799
4978	816
4979	795
4980	686
4981	698
4982	735
4983	706
4984	702
4985	702
4986	694
4987	691
4988	705
4989	679
4990	662
4991	812
4992	699
4993	154
4994	142
4995	39
4996	77
4997	20
4998	27
4999	24
5000	24
5001	26
5002	19
5003	21
5004	27
5005	44
5006	24
5007	39
5008	14
5009	19
5010	19
5011	18
5012	14
5013	7
5014	10
5015	3
5016	14
5017	13
5018	8
5019	7
5020	5
5021	3
5022	19
5023	13
5024	0
5025	0
5026	0
5027	0
5028	0
5029	0
5030	0
5031	0
5032	0
5033	0
5034	0
5035	0
5036	0
5037	0
5038	0
5039	0
5040	0
5041	0
5042	0
5043	0
5044	0
5045	0
5046	0
5047	0
5048	0
5049	0
5050	0
5051	0
5052	0
5053	0
5054	0
5055	0
5056	0
5057	0
5058	0
5059	0
5060	0
5061	0
5062	0
5063	0
5064	0
5065	0
5066	0
5067	0
5068	0
5069	0
5070	0
5071	0
5072	0
5073	0
5074	0
5075	0
5076	0
5077	0
5078	0
5079	0
5080	0
5081	0
5082	0
5083	0
5084	0
5085	0
5086	0
5087	0
5088	0
5089	0
5090	0
5091	0
5092	0
5093	0
5094	0
5095	0
5096	0
5097	0
5098	0
5099	0
5100	0
5101	0
5102	0
5103	0
5104	0
5105	0
5106	0
5107	0
5108	0
5109	0
5110	0
5111	0
5112	0
5113	0
5114	0
5115	0
5116	0
5117	0
5118	0
5119	0
5120	0
5121	0
5122	0
5123	0
5124	0
5125	0
5126	0
5127	0
5128	0
5129	0
5130	0
5131	0
5132	0
5133	0
5134	0
5135	0
5136	0
5137	0
5138	0
5139	0
5140	0
5141	0
5142	0
5143	0
5144	0
5145	0
5146	0
5147	0
5148	0
5149	0
5150	0
5151	0
5152	0
5153	0
5154	0
5155	0
5156	0
5157	0
5158	0
5159	0
5160	0
5161	0
5162	0
5163	0
5164	0
5165	0
5166	0
5167	0
5168	0
5169	0
5170	0
5171	0
5172	0
5173	0
5174	0
5175	0
5176	0
5177	0
5178	0
5179	0
5180	0
5181	0
5182	0
5183	0
5184	0
5185	0
5186	0
5187	0
5188	0
5189	0
5190	0
5191	0
5192	0
5193	0
5194	0
5195	0
5196	0
5197	0
5198	0
5199	0
5200	0
5201	0
5202	0
5203	0
5204	0
5205	0
5206	0
5207	0
5208	0
5209	0
5210	0
5211	0
5212	0
5213	0
5214	0
5215	0
5216	0
5217	0
5218	0
5219	0
5220	0
5221	0
5222	0
5223	0
5224	0
5225	0
5226	0
5227	0
5228	0
5229	0
5230	0
5231	0
5232	0
5233	0
5234	0
5235	0
5236	0
5237	0
5238	308
5239	302
5240	392
5241	429
5242	522
5243	296
5244	288
5245	139
5246	220
5247	233
5248	230
5249	206
5250	1184
5251	287
5252	1295
5253	1444
5254	822
5255	712
5256	1118
5257	764
5258	531
5259	480
5260	2026
5261	1336
5262	2948
5263	2979
5264	2659
5265	2942
5266	4418
5267	3063
5268	5151
5269	15135
5270	14740
5271	20945
5272	29904
5273	37293
5274	43526
5275	54597
5276	24946
5277	2487
5278	5667
5279	4847
5280	2893
5281	9560
5282	15542
5283	21587
5284	21131
5285	16552
5286	32833
5287	1464
5288	1152
5289	1453
5290	2089
5291	2613
5292	2958
5293	7112
5294	15698
5295	9346
5296	11458
5297	17511
5298	34361
5299	50092
5300	62017
5301	49781
5302	2407
5303	6352
5304	2847
5305	5356
5306	21424
5307	22323
5308	8522
5309	20541
5310	23147
5311	5844
5312	9702
5313	7937
5314	10306
5315	3873
5316	1431
5317	2621
5318	3826
5319	5640
5320	9332
5321	1609
5322	3251
5323	3576
5324	1540
5325	2315
5326	1417
5327	2155
5328	2081
5329	2147
5330	2055
5331	984
5332	1627
5333	2131
5334	1273
5335	391
5336	1369
5337	1525
5338	910
5339	510
5340	521
5341	348
5342	537
5343	387
5344	297
5345	199
5346	153
5347	169
5348	180
5349	204
5350	165
5351	140
5352	162
5353	157
5354	128
5355	92
5356	99
5357	322
5358	107
5359	62
5360	32
5361	30
5362	28
5363	44
5364	35
5365	16
5366	31
5367	27
5368	4
5369	14
5370	3
5371	3
5372	18
5373	27
5374	15
5375	40
5376	61
5377	2
5378	4
5379	2
5380	44
5381	25
5382	19
5383	9
5384	5
5385	8
5386	2
5387	2
5388	0
5389	0
5390	0
5391	0
5392	0
5393	0
5394	0
5395	0
5396	0
5397	0
5398	0
5399	0
5400	0
5401	0
5402	0
5403	0
5404	0
5405	0
5406	0
5407	0
5408	0
5409	0
5410	0
5411	0
5412	0
5413	0
5414	0
5415	0
5416	0
5417	0
5418	0
5419	0
5420	0
5421	0
5422	0
5423	0
5424	0
5425	0
5426	0
5427	0
5428	0
5429	0
5430	0
5431	0
5432	0
5433	0
5434	0
5435	0
5436	0
5437	0
5438	0
5439	0
5440	0
5441	0
5442	0
5443	0
5444	0
5445	0
5446	0
5447	0
5448	0
5449	0
5450	0
5451	0
5452	0
5453	0
5454	0
5455	0
5456	0
5457	0
5458	0
5459	0
5460	0
5461	0
5462	0
5463	0
5464	0
5465	0
5466	0
5467	0
5468	0
5469	0
5470	0
5471	0
5472	0
5473	0
5474	0
5475	0
5476	0
5477	0
5478	0
5479	0
5480	0
5481	0
5482	0
5483	0
5484	0
5485	0
5486	0
5487	0
5488	0
5489	0
5490	0
5491	0
5492	0
5493	0
5494	0
5495	0
5496	0
5497	0
5498	0
5499	0
5500	0
5501	0
5502	0
5503	0
5504	0
5505	0
5506	0
5507	0
5508	0
5509	0
5510	0
5511	0
5512	0
5513	0
5514	0
5515	0
5516	0
5517	0
5518	0
5519	0
5520	0
5521	0
5522	0
5523	0
5524	0
5525	0
5526	0
5527	0
5528	0
5529	0
5530	0
5531	0
5532	0
5533	0
5534	0
5535	0
5536	0
5537	0
5538	0
5539	0
5540	0
5541	0
5542	0
5543	0
5544	0
5545	0
5546	0
5547	0
5548	0
5549	0
5550	0
5551	0
5552	0
5553	0
5554	0
5555	0
5556	0
5557	0
5558	0
5559	0
5560	0
5561	0
5562	0
5563	0
5564	0
5565	0
5566	0
5567	0
5568	0
5569	0
5570	0
5571	0
5572	0
5573	0
5574	0
5575	0
5576	0
5577	0
5578	0
5579	0
5580	0
5581	0
5582	0
5583	0
5584	0
5585	0
5586	0
5587	0
5588	0
5589	0
5590	0
5591	0
5592	0
5593	0
5594	0
5595	0
5596	0
5597	0
5598	0
5599	0
5600	0
5601	0
5602	0
5603	1796
5604	1724
5605	1010
5606	1189
5607	892
5608	1659
5609	1339
5610	991
5611	1139
5612	1832
5613	1136
5614	1311
5615	1601
5616	1417
5617	1206
5618	1195
5619	1167
5620	1262
5621	2055
5622	1496
5623	1325
5624	1975
5625	2388
5626	1498
5627	1330
5628	1336
5629	1919
5630	2269
5631	2584
5632	2510
5633	2158
5634	1821
5635	1993
5636	1447
5637	1238
5638	2677
5639	3472
5640	4429
5641	20833
5642	115447
5643	128979
5644	148429
5645	166876
5646	150866
5647	48104
5648	29676
5649	124882
5650	161181
5651	155498
5652	130174
5653	176989
5654	205716
5655	197925
5656	121979
5657	190292
5658	195399
5659	186775
5660	131298
5661	124714
5662	40903
5663	25528
5664	19150
5665	60824
5666	5023
5667	11566
5668	14942
5669	19461
5670	19283
5671	2144
5672	2630
5673	3207
5674	1978
5675	3000
5676	1856
5677	1756
5678	1709
5679	4755
5680	19669
5681	34144
5682	27514
5683	14685
5684	49157
5685	2995
5686	1919
5687	2494
5688	1865
5689	1531
5690	1696
5691	2622
5692	2484
5693	1292
5694	1974
5695	2207
5696	2063
5697	1450
5698	894
5699	849
5700	881
5701	847
5702	921
5703	876
5704	883
5705	778
5706	725
5707	732
5708	777
5709	776
5710	688
5711	798
5712	701
5713	618
5714	625
5715	677
5716	680
5717	1024
5718	657
5719	647
5720	642
5721	645
5722	642
5723	60
5724	57
5725	38
5726	259
5727	104
5728	38
5729	104
5730	7
5731	64
5732	62
5733	157
5734	99
5735	22
5736	36
5737	33
5738	30
5739	16
5740	2
5741	6
5742	6
5743	8
5744	2
5745	0
5746	8
5747	0
5748	5
5749	13
5750	79
5751	132
5752	7
5753	8
5754	0
5755	0
5756	0
5757	0
5758	0
5759	0
5760	0
5761	0
5762	0
5763	0
5764	0
5765	0
5766	0
5767	0
5768	0
5769	0
5770	0
5771	0
5772	0
5773	0
5774	0
5775	0
5776	0
5777	0
5778	0
5779	0
5780	0
5781	0
5782	0
5783	0
5784	0
5785	0
5786	0
5787	0
5788	0
5789	0
5790	0
5791	0
5792	0
5793	0
5794	0
5795	0
5796	0
5797	0
5798	0
5799	0
5800	0
5801	0
5802	0
5803	0
5804	0
5805	0
5806	0
5807	0
5808	0
5809	0
5810	0
5811	0
5812	0
5813	0
5814	0
5815	0
5816	0
5817	0
5818	0
5819	0
5820	0
5821	0
5822	0
5823	0
5824	0
5825	0
5826	0
5827	0
5828	0
5829	0
5830	0
5831	0
5832	0
5833	0
5834	0
5835	0
5836	0
5837	0
5838	0
5839	0
5840	0
5841	0
5842	0
5843	0
5844	0
5845	0
5846	0
5847	0
5848	0
5849	0
5850	0
5851	0
5852	0
5853	0
5854	0
5855	0
5856	0
5857	0
5858	0
5859	0
5860	0
5861	0
5862	0
5863	0
5864	0
5865	0
5866	0
5867	0
5868	0
5869	0
5870	0
5871	0
5872	0
5873	0
5874	0
5875	0
5876	0
5877	0
5878	0
5879	0
5880	0
5881	0
5882	0
5883	0
5884	0
5885	0
5886	0
5887	0
5888	0
5889	0
5890	0
5891	0
5892	0
5893	0
5894	0
5895	0
5896	0
5897	0
5898	0
5899	0
5900	0
5901	0
5902	0
5903	0
5904	0
5905	0
5906	0
5907	0
5908	0
5909	0
5910	0
5911	0
5912	0
5913	0
5914	0
5915	0
5916	0
5917	0
5918	0
5919	0
5920	0
5921	0
5922	0
5923	0
5924	0
5925	0
5926	0
5927	0
5928	0
5929	0
5930	0
5931	0
5932	0
5933	0
5934	0
5935	0
5936	0
5937	0
5938	0
5939	0
5940	0
5941	0
5942	0
5943	0
5944	0
5945	0
5946	0
5947	0
5948	0
5949	0
5950	0
5951	0
5952	0
5953	0
5954	0
5955	0
5956	0
5957	0
5958	0
5959	0
5960	0
5961	0
5962	0
5963	0
5964	0
5965	0
5966	0
5967	0
5968	302
5969	310
5970	330
5971	341
5972	943
5973	418
5974	506
5975	418
5976	565
5977	532
5978	595
5979	595
5980	642
5981	769
5982	1029
5983	1619
5984	1760
5985	1267
5986	1017
5987	459
5988	669
5989	550
5990	1009
5991	694
5992	552
5993	891
5994	2172
5995	2505
5996	3484
5997	5230
5998	9482
5999	9066
6000	11898
6001	5457
6002	10341
6003	30310
6004	6148
6005	2218
6006	3456
6007	10017
6008	1327
6009	1527
6010	1501
6011	2213
6012	2810
6013	920
6014	1097
6015	1263
6016	2314
6017	2716
6018	3631
6019	2162
6020	4937
6021	21457
6022	42789
6023	87394
6024	127174
6025	134445
6026	117196
6027	71174
6028	83109
6029	111939
6030	10387
6031	44401
6032	4024
6033	4457
6034	15695
6035	6764
6036	8621
6037	22553
6038	49871
6039	47996
6040	58909
6041	28830
6042	34059
6043	34655
6044	29359
6045	8821
6046	7504
6047	1790
6048	2460
6049	2936
6050	2526
6051	2133
6052	2037
6053	2289
6054	2043
6055	2137
6056	2152
6057	2318
6058	2527
6059	1701
6060	1625
6061	749
6062	863
6063	1061
6064	584
6065	556
6066	620
6067	618
6068	630
6069	606
6070	499
6071	377
6072	316
6073	274
6074	371
6075	427
6076	353
6077	1088
6078	284
6079	285
6080	672
6081	693
6082	590
6083	395
6084	293
6085	253
6086	475
6087	278
6088	128
6089	73
6090	178
6091	40
6092	98
6093	103
6094	135
6095	46
6096	35
6097	21
6098	23
6099	28
6100	16
6101	25
6102	42
6103	23
6104	21
6105	41
6106	326
6107	22
6108	28
6109	19
6110	20
6111	28
6112	4
6113	16
6114	9
6115	8
6116	4
6117	20
6118	157
6119	0
6120	0
6121	0
6122	0
6123	0
6124	0
6125	0
6126	0
6127	0
6128	0
6129	0
6130	0
6131	0
6132	0
6133	0
6134	0
6135	0
6136	0
6137	0
6138	0
6139	0
6140	0
6141	0
6142	0
6143	0
6144	0
6145	0
6146	0
6147	0
6148	0
6149	0
6150	0
6151	0
6152	0
6153	0
6154	0
6155	0
6156	0
6157	0
6158	0
6159	0
6160	0
6161	0
6162	0
6163	0
6164	0
6165	0
6166	0
6167	0
6168	0
6169	0
6170	0
6171	0
6172	0
6173	0
6174	0
6175	0
6176	0
6177	0
6178	0
6179	0
6180	0
6181	0
6182	0
6183	0
6184	0
6185	0
6186	0
6187	0
6188	0
6189	0
6190	0
6191	0
6192	0
6193	0
6194	0
6195	0
6196	0
6197	0
6198	0
6199	0
6200	0
6201	0
6202	0
6203	0
6204	0
6205	0
6206	0
6207	0
6208	0
6209	0
6210	0
6211	0
6212	0
6213	0
6214	0
6215	0
6216	0
6217	0
6218	0
6219	0
6220	0
6221	0
6222	0
6223	0
6224	0
6225	0
6226	0
6227	0
6228	0
6229	0
6230	0
6231	0
6232	0
6233	0
6234	0
6235	0
6236	0
6237	0
6238	0
6239	0
6240	0
6241	0
6242	0
6243	0
6244	0
6245	0
6246	0
6247	0
6248	0
6249	0
6250	0
6251	0
6252	0
6253	0
6254	0
6255	0
6256	0
6257	0
6258	0
6259	0
6260	0
6261	0
6262	0
6263	0
6264	0
6265	0
6266	0
6267	0
6268	0
6269	0
6270	0
6271	0
6272	0
6273	0
6274	0
6275	0
6276	0
6277	0
6278	0
6279	0
6280	0
6281	0
6282	0
6283	0
6284	0
6285	0
6286	0
6287	0
6288	0
6289	0
6290	0
6291	0
6292	0
6293	0
6294	0
6295	0
6296	0
6297	0
6298	0
6299	0
6300	0
6301	0
6302	0
6303	0
6304	0
6305	0
6306	0
6307	0
6308	0
6309	0
6310	0
6311	0
6312	0
6313	0
6314	0
6315	0
6316	0
6317	0
6318	0
6319	0
6320	0
6321	0
6322	0
6323	0
6324	0
6325	0
6326	0
6327	0
6328	0
6329	0
6330	0
6331	0
6332	0
6333	0
6334	203
6335	230
6336	279
6337	331
6338	278
6339	295
6340	370
6341	420
6342	726
6343	488
6344	429
6345	416
6346	510
6347	382
6348	630
6349	625
6350	519
6351	633
6352	923
6353	767
6354	953
6355	875
6356	1550
6357	2032
6358	577
6359	539
6360	725
6361	1182
6362	1234
6363	1419
6364	1271
6365	2235
6366	2675
6367	2434
6368	1346
6369	5325
6370	30090
6371	53522
6372	49000
6373	50139
6374	3129
6375	56276
6376	12146
6377	13846
6378	44863
6379	30678
6380	73742
6381	56619
6382	2314
6383	1391
6384	1493
6385	2590
6386	2176
6387	3474
6388	5835
6389	10869
6390	30960
6391	64846
6392	54756
6393	48596
6394	7167
6395	38861
6396	48828
6397	3165
6398	5762
6399	16593
6400	18758
6401	1212
6402	1886
6403	1885
6404	2437
6405	2163
6406	1543
6407	2420
6408	2157
6409	3266
6410	3970
6411	4023
6412	4818
6413	2075
6414	1555
6415	2183
6416	2395
6417	3025
6418	2651
6419	2356
6420	1356
6421	970
6422	1861
6423	1083
6424	1805
6425	1481