% load Q_glacier data 
% time (day) Q_glacier (m^3 day^-1)
1	0
2	0
3	0
4	0
5	0
6	0
7	0
8	0
9	0
10	0
11	0
12	0
13	0
14	0
15	0
16	0
17	0
18	0
19	0
20	0
21	0
22	0
23	0
24	0
25	0
26	0
27	0
28	0
29	0
30	0
31	0
32	0
33	0
34	0
35	0
36	0
37	0
38	0
39	0
40	0
41	0
42	0
43	0
44	0
45	0
46	0
47	0
48	0
49	0
50	0
51	0
52	0
53	0
54	0
55	0
56	0
57	0
58	0
59	0
60	0
61	0
62	0
63	0
64	0
65	0
66	0
67	0
68	0
69	0
70	0
71	0
72	0
73	0
74	0
75	0
76	0
77	0
78	0
79	0
80	0
81	0
82	0
83	0
84	0
85	0
86	0
87	0
88	0
89	0
90	0
91	0
92	0
93	0
94	0
95	0
96	0
97	0
98	0
99	0
100	0
101	0
102	0
103	0
104	0
105	0
106	0
107	0
108	0
109	0
110	0
111	0
112	0
113	0
114	0
115	0
116	0
117	0
118	0
119	0
120	0
121	0
122	0
123	0
124	535
125	692
126	525
127	838
128	617
129	654
130	840
131	639
132	747
133	519
134	1439
135	1854
136	898
137	1050
138	944
139	997
140	948
141	913
142	987
143	976
144	1261
145	1888
146	689
147	12588
148	45651
149	94615
150	13197
151	6749
152	24589
153	4438
154	13761
155	60522
156	100378
157	98041
158	58850
159	25797
160	2559
161	5233
162	84846
163	115605
164	46398
165	52918
166	5572
167	5115
168	18006
169	10810
170	2792
171	3524
172	3574
173	6469
174	28306
175	51736
176	114804
177	138777
178	124871
179	71596
180	111558
181	103845
182	46301
183	8700
184	9164
185	3633
186	2414
187	2066
188	2058
189	1715
190	1912
191	1757
192	2565
193	1724
194	8265
195	13730
196	3707
197	1502
198	2389
199	1491
200	2218
201	2438
202	2655
203	2594
204	2050
205	1508
206	2361
207	2446
208	1699
209	3136
210	2895
211	2362
212	3280
213	2815
214	2345
215	4034
216	2606
217	4255
218	4579
219	3333
220	2505
221	2972
222	3122
223	1576
224	1708
225	1950
226	1685
227	1474
228	1435
229	859
230	1113
231	804
232	619
233	580
234	552
235	534
236	532
237	491
238	481
239	534
240	504
241	461
242	480
243	468
244	25
245	89
246	34
247	22
248	29
249	9
250	15
251	13
252	11
253	8
254	4
255	5
256	6
257	13
258	17
259	3
260	9
261	1488
262	98
263	52
264	158
265	124
266	7
267	0
268	1
269	0
270	3
271	3
272	0
273	4
274	501
275	39
276	0
277	0
278	0
279	0
280	0
281	0
282	0
283	0
284	0
285	0
286	0
287	0
288	0
289	0
290	0
291	0
292	0
293	0
294	0
295	0
296	0
297	0
298	0
299	0
300	0
301	0
302	0
303	0
304	0
305	0
306	0
307	0
308	0
309	0
310	0
311	0
312	0
313	0
314	0
315	0
316	0
317	0
318	0
319	0
320	0
321	0
322	0
323	0
324	0
325	0
326	0
327	0
328	0
329	0
330	0
331	0
332	0
333	0
334	0
335	0
336	0
337	0
338	0
339	0
340	0
341	0
342	0
343	0
344	0
345	0
346	0
347	0
348	0
349	0
350	0
351	0
352	0
353	0
354	0
355	0
356	0
357	0
358	0
359	0
360	0
361	0
362	0
363	0
364	0
365	0
366	0
367	0
368	0
369	0
370	0
371	0
372	0
373	0
374	0
375	0
376	0
377	0
378	0
379	0
380	0
381	0
382	0
383	0
384	0
385	0
386	0
387	0
388	0
389	0
390	0
391	0
392	0
393	0
394	0
395	0
396	0
397	0
398	0
399	0
400	0
401	0
402	0
403	0
404	0
405	0
406	0
407	0
408	0
409	0
410	0
411	0
412	0
413	0
414	0
415	0
416	0
417	0
418	0
419	0
420	0
421	0
422	0
423	0
424	0
425	0
426	0
427	0
428	0
429	0
430	0
431	0
432	0
433	0
434	0
435	0
436	0
437	0
438	0
439	0
440	0
441	0
442	0
443	0
444	0
445	0
446	0
447	0
448	0
449	0
450	0
451	0
452	0
453	0
454	0
455	0
456	0
457	0
458	0
459	0
460	0
461	0
462	0
463	0
464	0
465	0
466	0
467	0
468	0
469	0
470	0
471	0
472	0
473	0
474	0
475	0
476	0
477	0
478	0
479	0
480	0
481	0
482	0
483	0
484	0
485	0
486	0
487	0
488	0
489	0
490	192
491	181
492	264
493	163
494	153
495	235
496	312
497	526
498	727
499	580
500	546
501	558
502	575
503	659
504	795
505	532
506	401
507	837
508	1413
509	794
510	480
511	465
512	1000
513	1510
514	1033
515	692
516	1713
517	1811
518	1617
519	1142
520	2291
521	1393
522	2241
523	2111
524	2723
525	2028
526	2573
527	2544
528	3002
529	3143
530	3753
531	1490
532	1338
533	4304
534	15994
535	64830
536	62833
537	70702
538	34444
539	6135
540	11903
541	918
542	2166
543	4889
544	7523
545	9859
546	6080
547	1288
548	5386
549	9894
550	13574
551	28487
552	31690
553	20866
554	65073
555	41068
556	47892
557	30305
558	988
559	378
560	539
561	1368
562	537
563	1285
564	1614
565	2499
566	1677
567	2604
568	2769
569	1700
570	2196
571	1374
572	1869
573	1363
574	1176
575	1091
576	946
577	1251
578	1386
579	1132
580	1598
581	1764
582	1663
583	1450
584	898
585	1043
586	1043
587	518
588	366
589	151
590	181
591	260
592	264
593	131
594	92
595	116
596	116
597	122
598	163
599	129
600	107
601	729
602	477
603	212
604	138
605	118
606	115
607	123
608	190
609	154
610	21
611	8
612	9
613	4
614	17
615	18
616	109
617	4
618	1
619	1
620	2
621	4
622	6
623	3
624	4
625	1
626	1
627	0
628	2
629	24
630	16
631	7
632	2
633	2
634	0
635	0
636	0
637	1
638	0
639	0
640	0
641	0
642	0
643	0
644	0
645	0
646	0
647	0
648	0
649	0
650	0
651	0
652	0
653	0
654	0
655	0
656	0
657	0
658	0
659	0
660	0
661	0
662	0
663	0
664	0
665	0
666	0
667	0
668	0
669	0
670	0
671	0
672	0
673	0
674	0
675	0
676	0
677	0
678	0
679	0
680	0
681	0
682	0
683	0
684	0
685	0
686	0
687	0
688	0
689	0
690	0
691	0
692	0
693	0
694	0
695	0
696	0
697	0
698	0
699	0
700	0
701	0
702	0
703	0
704	0
705	0
706	0
707	0
708	0
709	0
710	0
711	0
712	0
713	0
714	0
715	0
716	0
717	0
718	0
719	0
720	0
721	0
722	0
723	0
724	0
725	0
726	0
727	0
728	0
729	0
730	0
731	0
732	0
733	0
734	0
735	0
736	0
737	0
738	0
739	0
740	0
741	0
742	0
743	0
744	0
745	0
746	0
747	0
748	0
749	0
750	0
751	0
752	0
753	0
754	0
755	0
756	0
757	0
758	0
759	0
760	0
761	0
762	0
763	0
764	0
765	0
766	0
767	0
768	0
769	0
770	0
771	0
772	0
773	0
774	0
775	0
776	0
777	0
778	0
779	0
780	0
781	0
782	0
783	0
784	0
785	0
786	0
787	0
788	0
789	0
790	0
791	0
792	0
793	0
794	0
795	0
796	0
797	0
798	0
799	0
800	0
801	0
802	0
803	0
804	0
805	0
806	0
807	0
808	0
809	0
810	0
811	0
812	0
813	0
814	0
815	0
816	0
817	0
818	0
819	0
820	0
821	0
822	0
823	0
824	0
825	0
826	0
827	0
828	0
829	0
830	0
831	0
832	0
833	0
834	0
835	0
836	0
837	0
838	0
839	0
840	0
841	0
842	0
843	0
844	0
845	0
846	0
847	0
848	0
849	0
850	0
851	0
852	0
853	0
854	0
855	253
856	284
857	286
858	451
859	1340
860	1149
861	665
862	1177
863	1551
864	1281
865	934
866	822
867	592
868	1335
869	518
870	1230
871	1278
872	887
873	3306
874	2745
875	18671
876	38049
877	78598
878	18401
879	15187
880	28258
881	27537
882	12558
883	856
884	1081
885	1966
886	2139
887	1215
888	1368
889	2060
890	1638
891	363
892	221
893	282
894	539
895	384
896	493
897	474
898	678
899	1067
900	1853
901	815
902	870
903	293
904	368
905	524
906	1628
907	3100
908	4831
909	7292
910	38714
911	81078
912	56594
913	61016
914	31370
915	1418
916	2638
917	8021
918	1054
919	2740
920	4200
921	3231
922	2551
923	2179
924	1413
925	1258
926	1926
927	3031
928	2448
929	1386
930	1413
931	1963
932	1008
933	979
934	1439
935	908
936	1412
937	896
938	1452
939	896
940	271
941	148
942	229
943	384
944	267
945	147
946	260
947	180
948	153
949	318
950	267
951	367
952	164
953	173
954	272
955	134
956	900
957	288
958	147
959	577
960	148
961	223
962	137
963	121
964	114
965	118
966	109
967	116
968	109
969	118
970	129
971	176
972	509
973	205
974	177
975	6
976	36
977	18
978	17
979	22
980	12
981	10
982	19
983	8
984	0
985	154
986	2
987	4
988	1
989	2
990	59
991	5
992	4
993	15
994	0
995	0
996	4
997	2
998	5
999	4
1000	9
1001	0
1002	0
1003	7
1004	5
1005	5
1006	0
1007	0
1008	0
1009	0
1010	0
1011	0
1012	0
1013	0
1014	0
1015	0
1016	0
1017	0
1018	0
1019	0
1020	0
1021	0
1022	0
1023	0
1024	0
1025	0
1026	0
1027	0
1028	0
1029	0
1030	0
1031	0
1032	0
1033	0
1034	0
1035	0
1036	0
1037	0
1038	0
1039	0
1040	0
1041	0
1042	0
1043	0
1044	0
1045	0
1046	0
1047	0
1048	0
1049	0
1050	0
1051	0
1052	0
1053	0
1054	0
1055	0
1056	0
1057	0
1058	0
1059	0
1060	0
1061	0
1062	0
1063	0
1064	0
1065	0
1066	0
1067	0
1068	0
1069	0
1070	0
1071	0
1072	0
1073	0
1074	0
1075	0
1076	0
1077	0
1078	0
1079	0
1080	0
1081	0
1082	0
1083	0
1084	0
1085	0
1086	0
1087	0
1088	0
1089	0
1090	0
1091	0
1092	0
1093	0
1094	0
1095	0
1096	0
1097	0
1098	0
1099	0
1100	0
1101	0
1102	0
1103	0
1104	0
1105	0
1106	0
1107	0
1108	0
1109	0
1110	0
1111	0
1112	0
1113	0
1114	0
1115	0
1116	0
1117	0
1118	0
1119	0
1120	0
1121	0
1122	0
1123	0
1124	0
1125	0
1126	0
1127	0
1128	0
1129	0
1130	0
1131	0
1132	0
1133	0
1134	0
1135	0
1136	0
1137	0
1138	0
1139	0
1140	0
1141	0
1142	0
1143	0
1144	0
1145	0
1146	0
1147	0
1148	0
1149	0
1150	0
1151	0
1152	0
1153	0
1154	0
1155	0
1156	0
1157	0
1158	0
1159	0
1160	0
1161	0
1162	0
1163	0
1164	0
1165	0
1166	0
1167	0
1168	0
1169	0
1170	0
1171	0
1172	0
1173	0
1174	0
1175	0
1176	0
1177	0
1178	0
1179	0
1180	0
1181	0
1182	0
1183	0
1184	0
1185	0
1186	0
1187	0
1188	0
1189	0
1190	0
1191	0
1192	0
1193	0
1194	0
1195	0
1196	0
1197	0
1198	0
1199	0
1200	0
1201	0
1202	0
1203	0
1204	0
1205	0
1206	0
1207	0
1208	0
1209	0
1210	0
1211	0
1212	0
1213	0
1214	0
1215	0
1216	0
1217	0
1218	0
1219	0
1220	350
1221	363
1222	396
1223	409
1224	642
1225	1187
1226	637
1227	680
1228	674
1229	426
1230	345
1231	265
1232	352
1233	356
1234	389
1235	341
1236	436
1237	460
1238	585
1239	765
1240	743
1241	497
1242	735
1243	580
1244	733
1245	1073
1246	754
1247	1344
1248	795
1249	1104
1250	1887
1251	1307
1252	1346
1253	3231
1254	15986
1255	32878
1256	3366
1257	1207
1258	2113
1259	2685
1260	2276
1261	1393
1262	1761
1263	1775
1264	1808
1265	907
1266	2047
1267	4978
1268	11632
1269	27663
1270	51555
1271	45611
1272	29286
1273	49573
1274	90322
1275	58131
1276	31381
1277	21827
1278	27518
1279	35118
1280	23427
1281	1404
1282	2462
1283	2817
1284	4108
1285	5858
1286	8133
1287	1189
1288	1531
1289	3163
1290	2550
1291	1215
1292	2008
1293	2250
1294	2594
1295	2405
1296	1710
1297	1154
1298	2206
1299	2600
1300	1421
1301	3547
1302	8467
1303	7179
1304	12559
1305	13190
1306	37514
1307	28062
1308	17509
1309	2177
1310	1955
1311	1316
1312	1306
1313	1594
1314	1625
1315	1491
1316	909
1317	1399
1318	1090
1319	1415
1320	974
1321	737
1322	1032
1323	771
1324	632
1325	435
1326	694
1327	396
1328	300
1329	317
1330	281
1331	210
1332	240
1333	189
1334	142
1335	144
1336	145
1337	141
1338	131
1339	119
1340	0
1341	0
1342	2
1343	4
1344	7
1345	3
1346	3
1347	5
1348	8
1349	7
1350	6
1351	63
1352	24
1353	77
1354	3
1355	33
1356	4
1357	4
1358	5
1359	5
1360	16
1361	68
1362	5
1363	2
1364	1
1365	0
1366	4
1367	8
1368	6
1369	1
1370	0
1371	0
1372	0
1373	0
1374	0
1375	0
1376	0
1377	0
1378	0
1379	0
1380	0
1381	0
1382	0
1383	0
1384	0
1385	0
1386	0
1387	0
1388	0
1389	0
1390	0
1391	0
1392	0
1393	0
1394	0
1395	0
1396	0
1397	0
1398	0
1399	0
1400	0
1401	0
1402	0
1403	0
1404	0
1405	0
1406	0
1407	0
1408	0
1409	0
1410	0
1411	0
1412	0
1413	0
1414	0
1415	0
1416	0
1417	0
1418	0
1419	0
1420	0
1421	0
1422	0
1423	0
1424	0
1425	0
1426	0
1427	0
1428	0
1429	0
1430	0
1431	0
1432	0
1433	0
1434	0
1435	0
1436	0
1437	0
1438	0
1439	0
1440	0
1441	0
1442	0
1443	0
1444	0
1445	0
1446	0
1447	0
1448	0
1449	0
1450	0
1451	0
1452	0
1453	0
1454	0
1455	0
1456	0
1457	0
1458	0
1459	0
1460	0
1461	0
1462	0
1463	0
1464	0
1465	0
1466	0
1467	0
1468	0
1469	0
1470	0
1471	0
1472	0
1473	0
1474	0
1475	0
1476	0
1477	0
1478	0
1479	0
1480	0
1481	0
1482	0
1483	0
1484	0
1485	0
1486	0
1487	0
1488	0
1489	0
1490	0
1491	0
1492	0
1493	0
1494	0
1495	0
1496	0
1497	0
1498	0
1499	0
1500	0
1501	0
1502	0
1503	0
1504	0
1505	0
1506	0
1507	0
1508	0
1509	0
1510	0
1511	0
1512	0
1513	0
1514	0
1515	0
1516	0
1517	0
1518	0
1519	0
1520	0
1521	0
1522	0
1523	0
1524	0
1525	0
1526	0
1527	0
1528	0
1529	0
1530	0
1531	0
1532	0
1533	0
1534	0
1535	0
1536	0
1537	0
1538	0
1539	0
1540	0
1541	0
1542	0
1543	0
1544	0
1545	0
1546	0
1547	0
1548	0
1549	0
1550	0
1551	0
1552	0
1553	0
1554	0
1555	0
1556	0
1557	0
1558	0
1559	0
1560	0
1561	0
1562	0
1563	0
1564	0
1565	0
1566	0
1567	0
1568	0
1569	0
1570	0
1571	0
1572	0
1573	0
1574	0
1575	0
1576	0
1577	0
1578	0
1579	0
1580	0
1581	0
1582	0
1583	0
1584	0
1585	380
1586	407
1587	500
1588	675
1589	435
1590	1021
1591	338
1592	1860
1593	913
1594	970
1595	751
1596	1132
1597	503
1598	802
1599	1241
1600	1365
1601	1241
1602	934
1603	1041
1604	1349
1605	851
1606	466
1607	685
1608	776
1609	1748
1610	1019
1611	1924
1612	2423
1613	1592
1614	880
1615	869
1616	1747
1617	2839
1618	4961
1619	12495
1620	7795
1621	16264
1622	50910
1623	32172
1624	33117
1625	34025
1626	3593
1627	1433
1628	2772
1629	3335
1630	4595
1631	12774
1632	31596
1633	51422
1634	69838
1635	65042
1636	24779
1637	6076
1638	31949
1639	83154
1640	89271
1641	3767
1642	6472
1643	13833
1644	28701
1645	26364
1646	14831
1647	27699
1648	100629
1649	111346
1650	44340
1651	6079
1652	43720
1653	17274
1654	2036
1655	5458
1656	18485
1657	35444
1658	20521
1659	12121
1660	33696
1661	42020
1662	33523
1663	11383
1664	2351
1665	3083
1666	3074
1667	2924
1668	2704
1669	2145
1670	3376
1671	3499
1672	2428
1673	2738
1674	1978
1675	1778
1676	2096
1677	2000
1678	2354
1679	2171
1680	1951
1681	2116
1682	2089
1683	2127
1684	1823
1685	1084
1686	926
1687	655
1688	508
1689	488
1690	444
1691	449
1692	402
1693	430
1694	397
1695	440
1696	539
1697	430
1698	303
1699	328
1700	393
1701	523
1702	820
1703	1376
1704	591
1705	158
1706	92
1707	39
1708	49
1709	36
1710	5
1711	3
1712	15
1713	14
1714	20
1715	8
1716	128
1717	319
1718	100
1719	6
1720	9
1721	4
1722	7
1723	16
1724	1
1725	4
1726	3
1727	1
1728	1
1729	0
1730	2
1731	12
1732	14
1733	5
1734	378
1735	474
1736	5
1737	0
1738	0
1739	0
1740	0
1741	0
1742	0
1743	0
1744	0
1745	0
1746	0
1747	0
1748	0
1749	0
1750	0
1751	0
1752	0
1753	0
1754	0
1755	0
1756	0
1757	0
1758	0
1759	0
1760	0
1761	0
1762	0
1763	0
1764	0
1765	0
1766	0
1767	0
1768	0
1769	0
1770	0
1771	0
1772	0
1773	0
1774	0
1775	0
1776	0
1777	0
1778	0
1779	0
1780	0
1781	0
1782	0
1783	0
1784	0
1785	0
1786	0
1787	0
1788	0
1789	0
1790	0
1791	0
1792	0
1793	0
1794	0
1795	0
1796	0
1797	0
1798	0
1799	0
1800	0
1801	0
1802	0
1803	0
1804	0
1805	0
1806	0
1807	0
1808	0
1809	0
1810	0
1811	0
1812	0
1813	0
1814	0
1815	0
1816	0
1817	0
1818	0
1819	0
1820	0
1821	0
1822	0
1823	0
1824	0
1825	0
1826	0
1827	0
1828	0
1829	0
1830	0
1831	0
1832	0
1833	0
1834	0
1835	0
1836	0
1837	0
1838	0
1839	0
1840	0
1841	0
1842	0
1843	0
1844	0
1845	0
1846	0
1847	0
1848	0
1849	0
1850	0
1851	0
1852	0
1853	0
1854	0
1855	0
1856	0
1857	0
1858	0
1859	0
1860	0
1861	0
1862	0
1863	0
1864	0
1865	0
1866	0
1867	0
1868	0
1869	0
1870	0
1871	0
1872	0
1873	0
1874	0
1875	0
1876	0
1877	0
1878	0
1879	0
1880	0
1881	0
1882	0
1883	0
1884	0
1885	0
1886	0
1887	0
1888	0
1889	0
1890	0
1891	0
1892	0
1893	0
1894	0
1895	0
1896	0
1897	0
1898	0
1899	0
1900	0
1901	0
1902	0
1903	0
1904	0
1905	0
1906	0
1907	0
1908	0
1909	0
1910	0
1911	0
1912	0
1913	0
1914	0
1915	0
1916	0
1917	0
1918	0
1919	0
1920	0
1921	0
1922	0
1923	0
1924	0
1925	0
1926	0
1927	0
1928	0
1929	0
1930	0
1931	0
1932	0
1933	0
1934	0
1935	0
1936	0
1937	0
1938	0
1939	0
1940	0
1941	0
1942	0
1943	0
1944	0
1945	0
1946	0
1947	0
1948	0
1949	0
1950	0
1951	100
1952	99
1953	116
1954	903
1955	666
1956	702
1957	278
1958	251
1959	233
1960	388
1961	481
1962	1004
1963	612
1964	859
1965	378
1966	361
1967	316
1968	264
1969	319
1970	411
1971	406
1972	683
1973	1525
1974	785
1975	774
1976	825
1977	2360
1978	1845
1979	3127
1980	18190
1981	1275
1982	2096
1983	2726
1984	1843
1985	1077
1986	1520
1987	2275
1988	2637
1989	3308
1990	4084
1991	3868
1992	6915
1993	11599
1994	12144
1995	21402
1996	9044
1997	2853
1998	3675
1999	5081
2000	11387
2001	17996
2002	26268
2003	1982
2004	1038
2005	1059
2006	2176
2007	1626
2008	1378
2009	2130
2010	2390
2011	655
2012	1774
2013	880
2014	515
2015	497
2016	888
2017	1460
2018	937
2019	328
2020	186
2021	335
2022	352
2023	399
2024	310
2025	543
2026	416
2027	401
2028	910
2029	1325
2030	1488
2031	1084
2032	343
2033	614
2034	1021
2035	1567
2036	1674
2037	1145
2038	1369
2039	1164
2040	1024
2041	836
2042	593
2043	456
2044	370
2045	562
2046	275
2047	342
2048	545
2049	1444
2050	321
2051	251
2052	262
2053	233
2054	203
2055	314
2056	203
2057	286
2058	243
2059	130
2060	122
2061	87
2062	96
2063	82
2064	45
2065	58
2066	72
2067	29
2068	74
2069	108
2070	63
2071	13
2072	27
2073	78
2074	49
2075	30
2076	21
2077	25
2078	14
2079	11
2080	6
2081	5
2082	2
2083	1
2084	2
2085	1
2086	5
2087	4
2088	4
2089	1
2090	1
2091	1
2092	1
2093	2
2094	1
2095	0
2096	1
2097	174
2098	1188
2099	2
2100	6
2101	0
2102	0
2103	0
2104	0
2105	0
2106	0
2107	0
2108	0
2109	0
2110	0
2111	0
2112	0
2113	0
2114	0
2115	0
2116	0
2117	0
2118	0
2119	0
2120	0
2121	0
2122	0
2123	0
2124	0
2125	0
2126	0
2127	0
2128	0
2129	0
2130	0
2131	0
2132	0
2133	0
2134	0
2135	0
2136	0
2137	0
2138	0
2139	0
2140	0
2141	0
2142	0
2143	0
2144	0
2145	0
2146	0
2147	0
2148	0
2149	0
2150	0
2151	0
2152	0
2153	0
2154	0
2155	0
2156	0
2157	0
2158	0
2159	0
2160	0
2161	0
2162	0
2163	0
2164	0
2165	0
2166	0
2167	0
2168	0
2169	0
2170	0
2171	0
2172	0
2173	0
2174	0
2175	0
2176	0
2177	0
2178	0
2179	0
2180	0
2181	0
2182	0
2183	0
2184	0
2185	0
2186	0
2187	0
2188	0
2189	0
2190	0
2191	0
2192	0
2193	0
2194	0
2195	0
2196	0
2197	0
2198	0
2199	0
2200	0
2201	0
2202	0
2203	0
2204	0
2205	0
2206	0
2207	0
2208	0
2209	0
2210	0
2211	0
2212	0
2213	0
2214	0
2215	0
2216	0
2217	0
2218	0
2219	0
2220	0
2221	0
2222	0
2223	0
2224	0
2225	0
2226	0
2227	0
2228	0
2229	0
2230	0
2231	0
2232	0
2233	0
2234	0
2235	0
2236	0
2237	0
2238	0
2239	0
2240	0
2241	0
2242	0
2243	0
2244	0
2245	0
2246	0
2247	0
2248	0
2249	0
2250	0
2251	0
2252	0
2253	0
2254	0
2255	0
2256	0
2257	0
2258	0
2259	0
2260	0
2261	0
2262	0
2263	0
2264	0
2265	0
2266	0
2267	0
2268	0
2269	0
2270	0
2271	0
2272	0
2273	0
2274	0
2275	0
2276	0
2277	0
2278	0
2279	0
2280	0
2281	0
2282	0
2283	0
2284	0
2285	0
2286	0
2287	0
2288	0
2289	0
2290	0
2291	0
2292	0
2293	0
2294	0
2295	0
2296	0
2297	0
2298	0
2299	0
2300	0
2301	0
2302	0
2303	0
2304	0
2305	0
2306	0
2307	0
2308	0
2309	0
2310	0
2311	0
2312	0
2313	0
2314	0
2315	0
2316	1144
2317	1130
2318	1169
2319	1162
2320	1396
2321	1341
2322	1611
2323	1238
2324	1189
2325	1411
2326	1309
2327	1362
2328	1430
2329	1488
2330	1525
2331	1540
2332	1513
2333	1336
2334	1405
2335	1566
2336	1691
2337	1661
2338	2435
2339	2394
2340	3296
2341	3524
2342	3340
2343	3344
2344	3087
2345	3529
2346	3999
2347	3174
2348	2562
2349	3913
2350	4830
2351	6302
2352	5667
2353	14117
2354	24168
2355	26541
2356	14069
2357	3090
2358	3312
2359	3187
2360	3839
2361	2491
2362	4571
2363	28839
2364	67111
2365	96244
2366	133920
2367	167531
2368	129734
2369	134256
2370	52220
2371	119294
2372	181376
2373	188120
2374	195045
2375	197109
2376	159209
2377	163888
2378	127254
2379	41863
2380	111177
2381	189926
2382	196238
2383	180164
2384	35949
2385	117149
2386	142944
2387	150570
2388	187955
2389	199769
2390	184159
2391	158288
2392	173083
2393	155000
2394	134936
2395	24278
2396	56233
2397	10161
2398	13976
2399	14192
2400	3197
2401	2357
2402	3022
2403	3279
2404	2334
2405	2771
2406	2906
2407	2689
2408	1808
2409	2249
2410	2447
2411	2125
2412	2150
2413	2179
2414	2058
2415	1614
2416	1873
2417	1283
2418	1471
2419	1289
2420	1204
2421	1199
2422	1398
2423	1227
2424	1375
2425	2269
2426	1366
2427	1200
2428	1255
2429	1228
2430	1195
2431	1184
2432	1192
2433	1162
2434	1147
2435	1111
2436	64
2437	50
2438	22
2439	24
2440	20
2441	20
2442	38
2443	58
2444	29
2445	29
2446	78
2447	8
2448	7
2449	441
2450	196
2451	19
2452	9
2453	6
2454	126
2455	38
2456	1
2457	7
2458	0
2459	0
2460	0
2461	211
2462	30
2463	0
2464	1
2465	2
2466	16
2467	0
2468	0
2469	0
2470	0
2471	0
2472	0
2473	0
2474	0
2475	0
2476	0
2477	0
2478	0
2479	0
2480	0
2481	0
2482	0
2483	0
2484	0
2485	0
2486	0
2487	0
2488	0
2489	0
2490	0
2491	0
2492	0
2493	0
2494	0
2495	0
2496	0
2497	0
2498	0
2499	0
2500	0
2501	0
2502	0
2503	0
2504	0
2505	0
2506	0
2507	0
2508	0
2509	0
2510	0
2511	0
2512	0
2513	0
2514	0
2515	0
2516	0
2517	0
2518	0
2519	0
2520	0
2521	0
2522	0
2523	0
2524	0
2525	0
2526	0
2527	0
2528	0
2529	0
2530	0
2531	0
2532	0
2533	0
2534	0
2535	0
2536	0
2537	0
2538	0
2539	0
2540	0
2541	0
2542	0
2543	0
2544	0
2545	0
2546	0
2547	0
2548	0
2549	0
2550	0
2551	0
2552	0
2553	0
2554	0
2555	0
2556	0
2557	0
2558	0
2559	0
2560	0
2561	0
2562	0
2563	0
2564	0
2565	0
2566	0
2567	0
2568	0
2569	0
2570	0
2571	0
2572	0
2573	0
2574	0
2575	0
2576	0
2577	0
2578	0
2579	0
2580	0
2581	0
2582	0
2583	0
2584	0
2585	0
2586	0
2587	0
2588	0
2589	0
2590	0
2591	0
2592	0
2593	0
2594	0
2595	0
2596	0
2597	0
2598	0
2599	0
2600	0
2601	0
2602	0
2603	0
2604	0
2605	0
2606	0
2607	0
2608	0
2609	0
2610	0
2611	0
2612	0
2613	0
2614	0
2615	0
2616	0
2617	0
2618	0
2619	0
2620	0
2621	0
2622	0
2623	0
2624	0
2625	0
2626	0
2627	0
2628	0
2629	0
2630	0
2631	0
2632	0
2633	0
2634	0
2635	0
2636	0
2637	0
2638	0
2639	0
2640	0
2641	0
2642	0
2643	0
2644	0
2645	0
2646	0
2647	0
2648	0
2649	0
2650	0
2651	0
2652	0
2653	0
2654	0
2655	0
2656	0
2657	0
2658	0
2659	0
2660	0
2661	0
2662	0
2663	0
2664	0
2665	0
2666	0
2667	0
2668	0
2669	0
2670	0
2671	0
2672	0
2673	0
2674	0
2675	0
2676	0
2677	0
2678	0
2679	0
2680	0
2681	86
2682	57
2683	66
2684	56
2685	121
2686	103
2687	94
2688	79
2689	85
2690	106
2691	93
2692	156
2693	191
2694	127
2695	109
2696	130
2697	605
2698	1566
2699	318
2700	275
2701	268
2702	207
2703	272
2704	325
2705	309
2706	323
2707	317
2708	408
2709	475
2710	329
2711	371
2712	289
2713	290
2714	481
2715	1133
2716	1987
2717	2152
2718	2639
2719	2791
2720	2923
2721	2374
2722	2646
2723	2824
2724	3312
2725	1238
2726	359
2727	350
2728	551
2729	977
2730	616
2731	402
2732	1027
2733	1162
2734	1073
2735	1762
2736	1828
2737	1360
2738	2754
2739	4004
2740	7914
2741	4191
2742	7630
2743	26910
2744	29648
2745	34287
2746	7752
2747	9314
2748	15064
2749	10241
2750	25025
2751	29527
2752	36886
2753	5035
2754	2004
2755	921
2756	1999
2757	2368
2758	1245
2759	1122
2760	1767
2761	2056
2762	14577
2763	2069
2764	6854
2765	6199
2766	4235
2767	3534
2768	2565
2769	2120
2770	2021
2771	1863
2772	1262
2773	1682
2774	1483
2775	1193
2776	711
2777	522
2778	474
2779	342
2780	513
2781	296
2782	302
2783	182
2784	175
2785	104
2786	120
2787	108
2788	162
2789	125
2790	103
2791	99
2792	114
2793	247
2794	73
2795	83
2796	159
2797	73
2798	88
2799	92
2800	146
2801	45
2802	55
2803	45
2804	45
2805	24
2806	18
2807	9
2808	10
2809	13
2810	14
2811	13
2812	10
2813	13
2814	11
2815	15
2816	39
2817	154
2818	3
2819	3
2820	6
2821	9
2822	167
2823	336
2824	43
2825	4
2826	0
2827	32
2828	1
2829	2
2830	0
2831	0
2832	0
2833	0
2834	0
2835	0
2836	0
2837	0
2838	0
2839	0
2840	0
2841	0
2842	0
2843	0
2844	0
2845	0
2846	0
2847	0
2848	0
2849	0
2850	0
2851	0
2852	0
2853	0
2854	0
2855	0
2856	0
2857	0
2858	0
2859	0
2860	0
2861	0
2862	0
2863	0
2864	0
2865	0
2866	0
2867	0
2868	0
2869	0
2870	0
2871	0
2872	0
2873	0
2874	0
2875	0
2876	0
2877	0
2878	0
2879	0
2880	0
2881	0
2882	0
2883	0
2884	0
2885	0
2886	0
2887	0
2888	0
2889	0
2890	0
2891	0
2892	0
2893	0
2894	0
2895	0
2896	0
2897	0
2898	0
2899	0
2900	0
2901	0
2902	0
2903	0
2904	0
2905	0
2906	0
2907	0
2908	0
2909	0
2910	0
2911	0
2912	0
2913	0
2914	0
2915	0
2916	0
2917	0
2918	0
2919	0
2920	0
2921	0
2922	0
2923	0
2924	0
2925	0
2926	0
2927	0
2928	0
2929	0
2930	0
2931	0
2932	0
2933	0
2934	0
2935	0
2936	0
2937	0
2938	0
2939	0
2940	0
2941	0
2942	0
2943	0
2944	0
2945	0
2946	0
2947	0
2948	0
2949	0
2950	0
2951	0
2952	0
2953	0
2954	0
2955	0
2956	0
2957	0
2958	0
2959	0
2960	0
2961	0
2962	0
2963	0
2964	0
2965	0
2966	0
2967	0
2968	0
2969	0
2970	0
2971	0
2972	0
2973	0
2974	0
2975	0
2976	0
2977	0
2978	0
2979	0
2980	0
2981	0
2982	0
2983	0
2984	0
2985	0
2986	0
2987	0
2988	0
2989	0
2990	0
2991	0
2992	0
2993	0
2994	0
2995	0
2996	0
2997	0
2998	0
2999	0
3000	0
3001	0
3002	0
3003	0
3004	0
3005	0
3006	0
3007	0
3008	0
3009	0
3010	0
3011	0
3012	0
3013	0
3014	0
3015	0
3016	0
3017	0
3018	0
3019	0
3020	0
3021	0
3022	0
3023	0
3024	0
3025	0
3026	0
3027	0
3028	0
3029	0
3030	0
3031	0
3032	0
3033	0
3034	0
3035	0
3036	0
3037	0
3038	0
3039	0
3040	0
3041	0
3042	0
3043	0
3044	0
3045	0
3046	196
3047	316
3048	227
3049	250
3050	349
3051	273
3052	218
3053	323
3054	497
3055	378
3056	209
3057	430
3058	533
3059	529
3060	437
3061	374
3062	497
3063	529
3064	519
3065	521
3066	745
3067	667
3068	702
3069	448
3070	598
3071	477
3072	621
3073	603
3074	1159
3075	304
3076	1012
3077	892
3078	791
3079	1815
3080	3199
3081	28132
3082	68849
3083	47348
3084	67961
3085	92162
3086	50648
3087	32138
3088	41470
3089	2237
3090	614
3091	1554
3092	2249
3093	2580
3094	2089
3095	1259
3096	670
3097	863
3098	1150
3099	1521
3100	1226
3101	3217
3102	3866
3103	2338
3104	2282
3105	5444
3106	4969
3107	9944
3108	4264
3109	16742
3110	15712
3111	2783
3112	2933
3113	2456
3114	4166
3115	4536
3116	3393
3117	2593
3118	3593
3119	1386
3120	1089
3121	1944
3122	2183
3123	2193
3124	2000
3125	1806
3126	1581
3127	757
3128	1280
3129	1743
3130	1928
3131	1218
3132	1523
3133	376
3134	569
3135	972
3136	1087
3137	883
3138	719
3139	507
3140	542
3141	498
3142	432
3143	339
3144	335
3145	441
3146	382
3147	285
3148	311
3149	294
3150	305
3151	303
3152	243
3153	204
3154	201
3155	213
3156	161
3157	132
3158	140
3159	112
3160	203
3161	121
3162	207
3163	112
3164	103
3165	94
3166	27
3167	13
3168	10
3169	31
3170	14
3171	15
3172	13
3173	13
3174	30
3175	39
3176	12
3177	8
3178	8
3179	9
3180	5
3181	5
3182	7
3183	5
3184	8
3185	3
3186	1
3187	0
3188	0
3189	2
3190	1
3191	6
3192	22
3193	27
3194	0
3195	0
3196	3
3197	1
3198	0
3199	0
3200	0
3201	0
3202	0
3203	0
3204	0
3205	0
3206	0
3207	0
3208	0
3209	0
3210	0
3211	0
3212	0
3213	0
3214	0
3215	0
3216	0
3217	0
3218	0
3219	0
3220	0
3221	0
3222	0
3223	0
3224	0
3225	0
3226	0
3227	0
3228	0
3229	0
3230	0
3231	0
3232	0
3233	0
3234	0
3235	0
3236	0
3237	0
3238	0
3239	0
3240	0
3241	0
3242	0
3243	0
3244	0
3245	0
3246	0
3247	0
3248	0
3249	0
3250	0
3251	0
3252	0
3253	0
3254	0
3255	0
3256	0
3257	0
3258	0
3259	0
3260	0
3261	0
3262	0
3263	0
3264	0
3265	0
3266	0
3267	0
3268	0
3269	0
3270	0
3271	0
3272	0
3273	0
3274	0
3275	0
3276	0
3277	0
3278	0
3279	0
3280	0
3281	0
3282	0
3283	0
3284	0
3285	0
3286	0
3287	0
3288	0
3289	0
3290	0
3291	0
3292	0
3293	0
3294	0
3295	0
3296	0
3297	0
3298	0
3299	0
3300	0
3301	0
3302	0
3303	0
3304	0
3305	0
3306	0
3307	0
3308	0
3309	0
3310	0
3311	0
3312	0
3313	0
3314	0
3315	0
3316	0
3317	0
3318	0
3319	0
3320	0
3321	0
3322	0
3323	0
3324	0
3325	0
3326	0
3327	0
3328	0
3329	0
3330	0
3331	0
3332	0
3333	0
3334	0
3335	0
3336	0
3337	0
3338	0
3339	0
3340	0
3341	0
3342	0
3343	0
3344	0
3345	0
3346	0
3347	0
3348	0
3349	0
3350	0
3351	0
3352	0
3353	0
3354	0
3355	0
3356	0
3357	0
3358	0
3359	0
3360	0
3361	0
3362	0
3363	0
3364	0
3365	0
3366	0
3367	0
3368	0
3369	0
3370	0
3371	0
3372	0
3373	0
3374	0
3375	0
3376	0
3377	0
3378	0
3379	0
3380	0
3381	0
3382	0
3383	0
3384	0
3385	0
3386	0
3387	0
3388	0
3389	0
3390	0
3391	0
3392	0
3393	0
3394	0
3395	0
3396	0
3397	0
3398	0
3399	0
3400	0
3401	0
3402	0
3403	0
3404	0
3405	0
3406	0
3407	0
3408	0
3409	0
3410	0
3411	0
3412	388
3413	375
3414	358
3415	396
3416	451
3417	477
3418	506
3419	629
3420	819
3421	881
3422	1019
3423	1423
3424	1267
3425	1229
3426	1823
3427	1994
3428	1482
3429	1821
3430	2547
3431	3952
3432	4454
3433	2482
3434	1179
3435	1292
3436	1069
3437	1097
3438	1936
3439	2307
3440	1964
3441	1628
3442	2946
3443	2894
3444	9422
3445	46666
3446	137333
3447	117227
3448	119822
3449	157884
3450	167214
3451	181350
3452	104182
3453	34048
3454	32551
3455	34839
3456	40550
3457	27730
3458	46877
3459	52576
3460	1273
3461	26968
3462	59951
3463	2269
3464	6569
3465	33611
3466	30051
3467	1667
3468	3762
3469	5333
3470	30130
3471	32580
3472	6080
3473	12990
3474	2096
3475	3628
3476	1548
3477	9765
3478	8430
3479	4684
3480	1329
3481	957
3482	1259
3483	4030
3484	2448
3485	3027
3486	4846
3487	11110
3488	1481
3489	3781
3490	4014
3491	3614
3492	3149
3493	3222
3494	2726
3495	1075
3496	1313
3497	1059
3498	1275
3499	1740
3500	1789
3501	1709
3502	1849
3503	1685
3504	1596
3505	1569
3506	1184
3507	912
3508	788
3509	584
3510	616
3511	530
3512	481
3513	504
3514	717
3515	575
3516	492
3517	957
3518	498
3519	488
3520	419
3521	428
3522	365
3523	358
3524	362
3525	331
3526	347
3527	364
3528	378
3529	314
3530	318
3531	319
3532	19
3533	117
3534	3
3535	3
3536	20
3537	29
3538	14
3539	11
3540	13
3541	17
3542	3
3543	2
3544	4
3545	6
3546	5
3547	5
3548	4
3549	1
3550	8
3551	3
3552	12
3553	43
3554	0
3555	0
3556	0
3557	0
3558	16
3559	18
3560	0
3561	5
3562	0
3563	0
3564	0
3565	0
3566	0
3567	0
3568	0
3569	0
3570	0
3571	0
3572	0
3573	0
3574	0
3575	0
3576	0
3577	0
3578	0
3579	0
3580	0
3581	0
3582	0
3583	0
3584	0
3585	0
3586	0
3587	0
3588	0
3589	0
3590	0
3591	0
3592	0
3593	0
3594	0
3595	0
3596	0
3597	0
3598	0
3599	0
3600	0
3601	0
3602	0
3603	0
3604	0
3605	0
3606	0
3607	0
3608	0
3609	0
3610	0
3611	0
3612	0
3613	0
3614	0
3615	0
3616	0
3617	0
3618	0
3619	0
3620	0
3621	0
3622	0
3623	0
3624	0
3625	0
3626	0
3627	0
3628	0
3629	0
3630	0
3631	0
3632	0
3633	0
3634	0
3635	0
3636	0
3637	0
3638	0
3639	0
3640	0
3641	0
3642	0
3643	0
3644	0
3645	0
3646	0
3647	0
3648	0
3649	0
3650	0
3651	0
3652	0
3653	0
3654	0
3655	0
3656	0
3657	0
3658	0
3659	0
3660	0
3661	0
3662	0
3663	0
3664	0
3665	0
3666	0
3667	0
3668	0
3669	0
3670	0
3671	0
3672	0
3673	0
3674	0
3675	0
3676	0
3677	0
3678	0
3679	0
3680	0
3681	0
3682	0
3683	0
3684	0
3685	0
3686	0
3687	0
3688	0
3689	0
3690	0
3691	0
3692	0
3693	0
3694	0
3695	0
3696	0
3697	0
3698	0
3699	0
3700	0
3701	0
3702	0
3703	0
3704	0
3705	0
3706	0
3707	0
3708	0
3709	0
3710	0
3711	0
3712	0
3713	0
3714	0
3715	0
3716	0
3717	0
3718	0
3719	0
3720	0
3721	0
3722	0
3723	0
3724	0
3725	0
3726	0
3727	0
3728	0
3729	0
3730	0
3731	0
3732	0
3733	0
3734	0
3735	0
3736	0
3737	0
3738	0
3739	0
3740	0
3741	0
3742	0
3743	0
3744	0
3745	0
3746	0
3747	0
3748	0
3749	0
3750	0
3751	0
3752	0
3753	0
3754	0
3755	0
3756	0
3757	0
3758	0
3759	0
3760	0
3761	0
3762	0
3763	0
3764	0
3765	0
3766	0
3767	0
3768	0
3769	0
3770	0
3771	0
3772	0
3773	0
3774	0
3775	0
3776	0
3777	414
3778	596
3779	590
3780	479
3781	363
3782	456
3783	512
3784	538
3785	540
3786	486
3787	933
3788	502
3789	422
3790	524
3791	644
3792	500
3793	579
3794	581
3795	587
3796	554
3797	685
3798	715
3799	974
3800	667
3801	878
3802	1323
3803	2361
3804	1694
3805	2158
3806	1177
3807	1142
3808	1086
3809	2483
3810	3812
3811	17980
3812	74903
3813	13388
3814	46699
3815	65794
3816	74222
3817	54676
3818	41264
3819	50078
3820	53380
3821	42411
3822	26025
3823	1852
3824	1684
3825	2777
3826	7258
3827	2202
3828	1914
3829	7317
3830	2802
3831	21151
3832	35702
3833	33069
3834	57660
3835	64475
3836	40654
3837	46943
3838	54044
3839	56180
3840	23658
3841	3864
3842	1200
3843	2155
3844	3359
3845	4919
3846	6259
3847	3737
3848	2067
3849	2739
3850	8127
3851	27482
3852	17996
3853	70567
3854	97235
3855	46943
3856	1937
3857	4018
3858	1770
3859	2577
3860	2469
3861	2955
3862	1923
3863	1650
3864	1458
3865	1344
3866	1509
3867	1393
3868	1742
3869	1939
3870	1900
3871	1763
3872	1735
3873	1324
3874	799
3875	1047
3876	1196
3877	559
3878	466
3879	442
3880	411
3881	316
3882	360
3883	346
3884	352
3885	523
3886	328
3887	479
3888	321
3889	282
3890	285
3891	240
3892	258
3893	271
3894	295
3895	419
3896	286
3897	66
3898	250
3899	33
3900	341
3901	8
3902	2
3903	22
3904	41
3905	22
3906	23
3907	35
3908	2
3909	11
3910	2
3911	8
3912	5
3913	6
3914	6
3915	11
3916	11
3917	3
3918	1
3919	11
3920	41
3921	21
3922	24
3923	4
3924	2
3925	16
3926	8
3927	1
3928	0
3929	0
3930	0
3931	0
3932	0
3933	0
3934	0
3935	0
3936	0
3937	0
3938	0
3939	0
3940	0
3941	0
3942	0
3943	0
3944	0
3945	0
3946	0
3947	0
3948	0
3949	0
3950	0
3951	0
3952	0
3953	0
3954	0
3955	0
3956	0
3957	0
3958	0
3959	0
3960	0
3961	0
3962	0
3963	0
3964	0
3965	0
3966	0
3967	0
3968	0
3969	0
3970	0
3971	0
3972	0
3973	0
3974	0
3975	0
3976	0
3977	0
3978	0
3979	0
3980	0
3981	0
3982	0
3983	0
3984	0
3985	0
3986	0
3987	0
3988	0
3989	0
3990	0
3991	0
3992	0
3993	0
3994	0
3995	0
3996	0
3997	0
3998	0
3999	0
4000	0
4001	0
4002	0
4003	0
4004	0
4005	0
4006	0
4007	0
4008	0
4009	0
4010	0
4011	0
4012	0
4013	0
4014	0
4015	0
4016	0
4017	0
4018	0
4019	0
4020	0
4021	0
4022	0
4023	0
4024	0
4025	0
4026	0
4027	0
4028	0
4029	0
4030	0
4031	0
4032	0
4033	0
4034	0
4035	0
4036	0
4037	0
4038	0
4039	0
4040	0
4041	0
4042	0
4043	0
4044	0
4045	0
4046	0
4047	0
4048	0
4049	0
4050	0
4051	0
4052	0
4053	0
4054	0
4055	0
4056	0
4057	0
4058	0
4059	0
4060	0
4061	0
4062	0
4063	0
4064	0
4065	0
4066	0
4067	0
4068	0
4069	0
4070	0
4071	0
4072	0
4073	0
4074	0
4075	0
4076	0
4077	0
4078	0
4079	0
4080	0
4081	0
4082	0
4083	0
4084	0
4085	0
4086	0
4087	0
4088	0
4089	0
4090	0
4091	0
4092	0
4093	0
4094	0
4095	0
4096	0
4097	0
4098	0
4099	0
4100	0
4101	0
4102	0
4103	0
4104	0
4105	0
4106	0
4107	0
4108	0
4109	0
4110	0
4111	0
4112	0
4113	0
4114	0
4115	0
4116	0
4117	0
4118	0
4119	0
4120	0
4121	0
4122	0
4123	0
4124	0
4125	0
4126	0
4127	0
4128	0
4129	0
4130	0
4131	0
4132	0
4133	0
4134	0
4135	0
4136	0
4137	0
4138	0
4139	0
4140	0
4141	0
4142	162
4143	158
4144	168
4145	136
4146	112
4147	115
4148	142
4149	168
4150	183
4151	174
4152	264
4153	246
4154	227
4155	185
4156	235
4157	259
4158	199
4159	532
4160	411
4161	256
4162	304
4163	474
4164	706
4165	926
4166	966
4167	1041
4168	1693
4169	1757
4170	2027
4171	1421
4172	486
4173	1760
4174	1946
4175	2083
4176	2365
4177	3237
4178	5727
4179	16345
4180	4681
4181	1874
4182	1558
4183	2197
4184	1674
4185	1457
4186	1829
4187	1865
4188	2098
4189	2596
4190	996
4191	980
4192	2059
4193	3151
4194	2390
4195	1803
4196	565
4197	495
4198	579
4199	660
4200	1357
4201	2797
4202	3819
4203	1496
4204	4627
4205	23340
4206	34757
4207	16312
4208	6146
4209	18116
4210	34263
4211	29343
4212	32330
4213	58643
4214	94914
4215	86646
4216	14343
4217	3585
4218	2698
4219	1539
4220	4512
4221	2719
4222	5876
4223	6195
4224	6418
4225	22530
4226	55742
4227	61023
4228	49888
4229	66972
4230	19621
4231	32703
4232	16144
4233	3835
4234	2666
4235	1114
4236	1319
4237	1261
4238	1285
4239	1264
4240	1590
4241	1636
4242	1153
4243	389
4244	416
4245	289
4246	376
4247	487
4248	259
4249	220
4250	261
4251	221
4252	268
4253	238
4254	249
4255	222
4256	219
4257	165
4258	187
4259	185
4260	197
4261	192
4262	39
4263	21
4264	30
4265	117
4266	394
4267	24
4268	46
4269	23
4270	16
4271	12
4272	13
4273	4
4274	2
4275	3
4276	7
4277	9
4278	3
4279	9
4280	1
4281	2
4282	1
4283	29
4284	0
4285	1
4286	4
4287	2
4288	4
4289	0
4290	0
4291	0
4292	0
4293	0
4294	0
4295	0
4296	0
4297	0
4298	0
4299	0
4300	0
4301	0
4302	0
4303	0
4304	0
4305	0
4306	0
4307	0
4308	0
4309	0
4310	0
4311	0
4312	0
4313	0
4314	0
4315	0
4316	0
4317	0
4318	0
4319	0
4320	0
4321	0
4322	0
4323	0
4324	0
4325	0
4326	0
4327	0
4328	0
4329	0
4330	0
4331	0
4332	0
4333	0
4334	0
4335	0
4336	0
4337	0
4338	0
4339	0
4340	0
4341	0
4342	0
4343	0
4344	0
4345	0
4346	0
4347	0
4348	0
4349	0
4350	0
4351	0
4352	0
4353	0
4354	0
4355	0
4356	0
4357	0
4358	0
4359	0
4360	0
4361	0
4362	0
4363	0
4364	0
4365	0
4366	0
4367	0
4368	0
4369	0
4370	0
4371	0
4372	0
4373	0
4374	0
4375	0
4376	0
4377	0
4378	0
4379	0
4380	0
4381	0
4382	0
4383	0
4384	0
4385	0
4386	0
4387	0
4388	0
4389	0
4390	0
4391	0
4392	0
4393	0
4394	0
4395	0
4396	0
4397	0
4398	0
4399	0
4400	0
4401	0
4402	0
4403	0
4404	0
4405	0
4406	0
4407	0
4408	0
4409	0
4410	0
4411	0
4412	0
4413	0
4414	0
4415	0
4416	0
4417	0
4418	0
4419	0
4420	0
4421	0
4422	0
4423	0
4424	0
4425	0
4426	0
4427	0
4428	0
4429	0
4430	0
4431	0
4432	0
4433	0
4434	0
4435	0
4436	0
4437	0
4438	0
4439	0
4440	0
4441	0
4442	0
4443	0
4444	0
4445	0
4446	0
4447	0
4448	0
4449	0
4450	0
4451	0
4452	0
4453	0
4454	0
4455	0
4456	0
4457	0
4458	0
4459	0
4460	0
4461	0
4462	0
4463	0
4464	0
4465	0
4466	0
4467	0
4468	0
4469	0
4470	0
4471	0
4472	0
4473	0
4474	0
4475	0
4476	0
4477	0
4478	0
4479	0
4480	0
4481	0
4482	0
4483	0
4484	0
4485	0
4486	0
4487	0
4488	0
4489	0
4490	0
4491	0
4492	0
4493	0
4494	0
4495	0
4496	0
4497	0
4498	0
4499	0
4500	0
4501	0
4502	0
4503	0
4504	0
4505	0
4506	0
4507	104
4508	111
4509	114
4510	114
4511	121
4512	112
4513	135
4514	313
4515	601
4516	205
4517	319
4518	278
4519	355
4520	293
4521	314
4522	333
4523	330
4524	303
4525	461
4526	386
4527	421
4528	624
4529	636
4530	1778
4531	1860
4532	1146
4533	908
4534	1650
4535	748
4536	739
4537	871
4538	1531
4539	374
4540	795
4541	564
4542	399
4543	933
4544	1342
4545	2466
4546	2773
4547	2963
4548	4351
4549	14132
4550	28763
4551	40660
4552	57215
4553	48715
4554	37212
4555	31279
4556	32886
4557	44342
4558	11710
4559	49243
4560	86356
4561	55695
4562	3882
4563	1065
4564	3446
4565	10505
4566	17312
4567	19590
4568	11319
4569	8543
4570	16926
4571	9364
4572	3788
4573	9466
4574	5671
4575	2018
4576	644
4577	991
4578	2974
4579	5687
4580	6497
4581	4598
4582	3806
4583	2440
4584	8392
4585	20133
4586	32552
4587	18388
4588	13145
4589	2897
4590	2816
4591	2372
4592	2703
4593	2163
4594	1433
4595	1275
4596	2000
4597	1840
4598	1527
4599	1400
4600	933
4601	761
4602	753
4603	693
4604	553
4605	468
4606	273
4607	224
4608	301
4609	272
4610	235
4611	277
4612	248
4613	384
4614	201
4615	220
4616	262
4617	282
4618	229
4619	303
4620	112
4621	199
4622	152
4623	296
4624	213
4625	206
4626	146
4627	44
4628	75
4629	27
4630	8
4631	4
4632	6
4633	10
4634	7
4635	5
4636	4
4637	5
4638	9
4639	5
4640	8
4641	7
4642	6
4643	10
4644	4
4645	7
4646	1
4647	0
4648	0
4649	1
4650	0
4651	132
4652	0
4653	59
4654	3
4655	105
4656	0
4657	0
4658	0
4659	0
4660	0
4661	0
4662	0
4663	0
4664	0
4665	0
4666	0
4667	0
4668	0
4669	0
4670	0
4671	0
4672	0
4673	0
4674	0
4675	0
4676	0
4677	0
4678	0
4679	0
4680	0
4681	0
4682	0
4683	0
4684	0
4685	0
4686	0
4687	0
4688	0
4689	0
4690	0
4691	0
4692	0
4693	0
4694	0
4695	0
4696	0
4697	0
4698	0
4699	0
4700	0
4701	0
4702	0
4703	0
4704	0
4705	0
4706	0
4707	0
4708	0
4709	0
4710	0
4711	0
4712	0
4713	0
4714	0
4715	0
4716	0
4717	0
4718	0
4719	0
4720	0
4721	0
4722	0
4723	0
4724	0
4725	0
4726	0
4727	0
4728	0
4729	0
4730	0
4731	0
4732	0
4733	0
4734	0
4735	0
4736	0
4737	0
4738	0
4739	0
4740	0
4741	0
4742	0
4743	0
4744	0
4745	0
4746	0
4747	0
4748	0
4749	0
4750	0
4751	0
4752	0
4753	0
4754	0
4755	0
4756	0
4757	0
4758	0
4759	0
4760	0
4761	0
4762	0
4763	0
4764	0
4765	0
4766	0
4767	0
4768	0
4769	0
4770	0
4771	0
4772	0
4773	0
4774	0
4775	0
4776	0
4777	0
4778	0
4779	0
4780	0
4781	0
4782	0
4783	0
4784	0
4785	0
4786	0
4787	0
4788	0
4789	0
4790	0
4791	0
4792	0
4793	0
4794	0
4795	0
4796	0
4797	0
4798	0
4799	0
4800	0
4801	0
4802	0
4803	0
4804	0
4805	0
4806	0
4807	0
4808	0
4809	0
4810	0
4811	0
4812	0
4813	0
4814	0
4815	0
4816	0
4817	0
4818	0
4819	0
4820	0
4821	0
4822	0
4823	0
4824	0
4825	0
4826	0
4827	0
4828	0
4829	0
4830	0
4831	0
4832	0
4833	0
4834	0
4835	0
4836	0
4837	0
4838	0
4839	0
4840	0
4841	0
4842	0
4843	0
4844	0
4845	0
4846	0
4847	0
4848	0
4849	0
4850	0
4851	0
4852	0
4853	0
4854	0
4855	0
4856	0
4857	0
4858	0
4859	0
4860	0
4861	0
4862	0
4863	0
4864	0
4865	0
4866	0
4867	0
4868	0
4869	0
4870	0
4871	0
4872	0
4873	728
4874	729
4875	730
4876	745
4877	783
4878	801
4879	792
4880	850
4881	860
4882	1036
4883	1046
4884	1016
4885	922
4886	1031
4887	990
4888	980
4889	967
4890	1122
4891	1147
4892	1593
4893	1753
4894	1158
4895	1032
4896	999
4897	1490
4898	2349
4899	1165
4900	1412
4901	2013
4902	2671
4903	5234
4904	3468
4905	3729
4906	1390
4907	1737
4908	2560
4909	3694
4910	17894
4911	31516
4912	36139
4913	40829
4914	37953
4915	38178
4916	59179
4917	12230
4918	4433
4919	41305
4920	88584
4921	113958
4922	53456
4923	35272
4924	56191
4925	35209
4926	22960
4927	46734
4928	146161
4929	195688
4930	197840
4931	205993
4932	203079
4933	179906
4934	135168
4935	190917
4936	94613
4937	103939
4938	123900
4939	153705
4940	59994
4941	112891
4942	185985
4943	98750
4944	17091
4945	40443
4946	17331
4947	62833
4948	8119
4949	2704
4950	2305
4951	2966
4952	4915
4953	3471
4954	2773
4955	3536
4956	4903
4957	6220
4958	9923
4959	10222
4960	5125
4961	2373
4962	3298
4963	2841
4964	2552
4965	2784
4966	2674
4967	2696
4968	2827
4969	2068
4970	1601
4971	1451
4972	1784
4973	1231
4974	1510
4975	1524
4976	974
4977	773
4978	778
4979	752
4980	669
4981	678
4982	705
4983	684
4984	676
4985	670
4986	672
4987	668
4988	679
4989	661
4990	648
4991	717
4992	655
4993	82
4994	65
4995	14
4996	44
4997	10
4998	13
4999	14
5000	12
5001	15
5002	9
5003	11
5004	15
5005	5
5006	7
5007	22
5008	5
5009	10
5010	10
5011	10
5012	8
5013	2
5014	1
5015	1
5016	7
5017	5
5018	3
5019	0
5020	0
5021	0
5022	8
5023	3
5024	0
5025	0
5026	0
5027	0
5028	0
5029	0
5030	0
5031	0
5032	0
5033	0
5034	0
5035	0
5036	0
5037	0
5038	0
5039	0
5040	0
5041	0
5042	0
5043	0
5044	0
5045	0
5046	0
5047	0
5048	0
5049	0
5050	0
5051	0
5052	0
5053	0
5054	0
5055	0
5056	0
5057	0
5058	0
5059	0
5060	0
5061	0
5062	0
5063	0
5064	0
5065	0
5066	0
5067	0
5068	0
5069	0
5070	0
5071	0
5072	0
5073	0
5074	0
5075	0
5076	0
5077	0
5078	0
5079	0
5080	0
5081	0
5082	0
5083	0
5084	0
5085	0
5086	0
5087	0
5088	0
5089	0
5090	0
5091	0
5092	0
5093	0
5094	0
5095	0
5096	0
5097	0
5098	0
5099	0
5100	0
5101	0
5102	0
5103	0
5104	0
5105	0
5106	0
5107	0
5108	0
5109	0
5110	0
5111	0
5112	0
5113	0
5114	0
5115	0
5116	0
5117	0
5118	0
5119	0
5120	0
5121	0
5122	0
5123	0
5124	0
5125	0
5126	0
5127	0
5128	0
5129	0
5130	0
5131	0
5132	0
5133	0
5134	0
5135	0
5136	0
5137	0
5138	0
5139	0
5140	0
5141	0
5142	0
5143	0
5144	0
5145	0
5146	0
5147	0
5148	0
5149	0
5150	0
5151	0
5152	0
5153	0
5154	0
5155	0
5156	0
5157	0
5158	0
5159	0
5160	0
5161	0
5162	0
5163	0
5164	0
5165	0
5166	0
5167	0
5168	0
5169	0
5170	0
5171	0
5172	0
5173	0
5174	0
5175	0
5176	0
5177	0
5178	0
5179	0
5180	0
5181	0
5182	0
5183	0
5184	0
5185	0
5186	0
5187	0
5188	0
5189	0
5190	0
5191	0
5192	0
5193	0
5194	0
5195	0
5196	0
5197	0
5198	0
5199	0
5200	0
5201	0
5202	0
5203	0
5204	0
5205	0
5206	0
5207	0
5208	0
5209	0
5210	0
5211	0
5212	0
5213	0
5214	0
5215	0
5216	0
5217	0
5218	0
5219	0
5220	0
5221	0
5222	0
5223	0
5224	0
5225	0
5226	0
5227	0
5228	0
5229	0
5230	0
5231	0
5232	0
5233	0
5234	0
5235	0
5236	0
5237	0
5238	225
5239	233
5240	318
5241	317
5242	409
5243	246
5244	237
5245	125
5246	180
5247	161
5248	173
5249	151
5250	912
5251	208
5252	1225
5253	1255
5254	752
5255	635
5256	868
5257	633
5258	459
5259	396
5260	1943
5261	1281
5262	2738
5263	2868
5264	2574
5265	2858
5266	4339
5267	2904
5268	4984
5269	14924
5270	14559
5271	20691
5272	29385
5273	35998
5274	40503
5275	49861
5276	24531
5277	2408
5278	5513
5279	4683
5280	2757
5281	9395
5282	15347
5283	21166
5284	20805
5285	16333
5286	32253
5287	1344
5288	1044
5289	1368
5290	1998
5291	2485
5292	2830
5293	6954
5294	15558
5295	9190
5296	11309
5297	17393
5298	34178
5299	49886
5300	61829
5301	49599
5302	2312
5303	6253
5304	2772
5305	5292
5306	21221
5307	22206
5308	8430
5309	20382
5310	22966
5311	5703
5312	9559
5313	7786
5314	10158
5315	3776
5316	1337
5317	2493
5318	3656
5319	5405
5320	9113
5321	1509
5322	3112
5323	3448
5324	1428
5325	2205
5326	1317
5327	2036
5328	1954
5329	2018
5330	1937
5331	925
5332	1531
5333	1958
5334	1160
5335	355
5336	1173
5337	1319
5338	803
5339	418
5340	443
5341	278
5342	440
5343	297
5344	247
5345	170
5346	144
5347	163
5348	169
5349	193
5350	154
5351	125
5352	148
5353	145
5354	120
5355	85
5356	90
5357	242
5358	56
5359	23
5360	15
5361	15
5362	15
5363	18
5364	14
5365	6
5366	13
5367	11
5368	1
5369	3
5370	2
5371	2
5372	9
5373	19
5374	12
5375	2
5376	4
5377	0
5378	2
5379	1
5380	26
5381	17
5382	11
5383	5
5384	3
5385	3
5386	0
5387	0
5388	0
5389	0
5390	0
5391	0
5392	0
5393	0
5394	0
5395	0
5396	0
5397	0
5398	0
5399	0
5400	0
5401	0
5402	0
5403	0
5404	0
5405	0
5406	0
5407	0
5408	0
5409	0
5410	0
5411	0
5412	0
5413	0
5414	0
5415	0
5416	0
5417	0
5418	0
5419	0
5420	0
5421	0
5422	0
5423	0
5424	0
5425	0
5426	0
5427	0
5428	0
5429	0
5430	0
5431	0
5432	0
5433	0
5434	0
5435	0
5436	0
5437	0
5438	0
5439	0
5440	0
5441	0
5442	0
5443	0
5444	0
5445	0
5446	0
5447	0
5448	0
5449	0
5450	0
5451	0
5452	0
5453	0
5454	0
5455	0
5456	0
5457	0
5458	0
5459	0
5460	0
5461	0
5462	0
5463	0
5464	0
5465	0
5466	0
5467	0
5468	0
5469	0
5470	0
5471	0
5472	0
5473	0
5474	0
5475	0
5476	0
5477	0
5478	0
5479	0
5480	0
5481	0
5482	0
5483	0
5484	0
5485	0
5486	0
5487	0
5488	0
5489	0
5490	0
5491	0
5492	0
5493	0
5494	0
5495	0
5496	0
5497	0
5498	0
5499	0
5500	0
5501	0
5502	0
5503	0
5504	0
5505	0
5506	0
5507	0
5508	0
5509	0
5510	0
5511	0
5512	0
5513	0
5514	0
5515	0
5516	0
5517	0
5518	0
5519	0
5520	0
5521	0
5522	0
5523	0
5524	0
5525	0
5526	0
5527	0
5528	0
5529	0
5530	0
5531	0
5532	0
5533	0
5534	0
5535	0
5536	0
5537	0
5538	0
5539	0
5540	0
5541	0
5542	0
5543	0
5544	0
5545	0
5546	0
5547	0
5548	0
5549	0
5550	0
5551	0
5552	0
5553	0
5554	0
5555	0
5556	0
5557	0
5558	0
5559	0
5560	0
5561	0
5562	0
5563	0
5564	0
5565	0
5566	0
5567	0
5568	0
5569	0
5570	0
5571	0
5572	0
5573	0
5574	0
5575	0
5576	0
5577	0
5578	0
5579	0
5580	0
5581	0
5582	0
5583	0
5584	0
5585	0
5586	0
5587	0
5588	0
5589	0
5590	0
5591	0
5592	0
5593	0
5594	0
5595	0
5596	0
5597	0
5598	0
5599	0
5600	0
5601	0
5602	0
5603	1541
5604	1468
5605	892
5606	1036
5607	805
5608	1430
5609	1164
5610	890
5611	997
5612	1563
5613	995
5614	1149
5615	1445
5616	1256
5617	1098
5618	1054
5619	1073
5620	1119
5621	1809
5622	1343
5623	1178
5624	1805
5625	2218
5626	1369
5627	1201
5628	1248
5629	1760
5630	2079
5631	2340
5632	2324
5633	2023
5634	1631
5635	1853
5636	1353
5637	1101
5638	2498
5639	3286
5640	4225
5641	20545
5642	114356
5643	128117
5644	146585
5645	164771
5646	146504
5647	47880
5648	29492
5649	123765
5650	157907
5651	153219
5652	127692
5653	171469
5654	197332
5655	189920
5656	121047
5657	188907
5658	194341
5659	186258
5660	131185
5661	124604
5662	40783
5663	25414
5664	19051
5665	60706
5666	4946
5667	11463
5668	14789
5669	19374
5670	19180
5671	2074
5672	2567
5673	3096
5674	1897
5675	2902
5676	1789
5677	1687
5678	1663
5679	4566
5680	19415
5681	33926
5682	27419
5683	14644
5684	49013
5685	2945
5686	1853
5687	2415
5688	1802
5689	1478
5690	1644
5691	2529
5692	2402
5693	1255
5694	1938
5695	2142
5696	1989
5697	1399
5698	858
5699	801
5700	827
5701	807
5702	851
5703	828
5704	826
5705	753
5706	707
5707	706
5708	740
5709	747
5710	658
5711	753
5712	682
5713	607
5714	619
5715	651
5716	633
5717	932
5718	644
5719	634
5720	631
5721	629
5722	624
5723	39
5724	42
5725	21
5726	219
5727	77
5728	22
5729	64
5730	6
5731	52
5732	37
5733	103
5734	70
5735	14
5736	21
5737	20
5738	16
5739	9
5740	1
5741	2
5742	2
5743	0
5744	0
5745	0
5746	0
5747	0
5748	0
5749	8
5750	57
5751	91
5752	2
5753	2
5754	0
5755	0
5756	0
5757	0
5758	0
5759	0
5760	0
5761	0
5762	0
5763	0
5764	0
5765	0
5766	0
5767	0
5768	0
5769	0
5770	0
5771	0
5772	0
5773	0
5774	0
5775	0
5776	0
5777	0
5778	0
5779	0
5780	0
5781	0
5782	0
5783	0
5784	0
5785	0
5786	0
5787	0
5788	0
5789	0
5790	0
5791	0
5792	0
5793	0
5794	0
5795	0
5796	0
5797	0
5798	0
5799	0
5800	0
5801	0
5802	0
5803	0
5804	0
5805	0
5806	0
5807	0
5808	0
5809	0
5810	0
5811	0
5812	0
5813	0
5814	0
5815	0
5816	0
5817	0
5818	0
5819	0
5820	0
5821	0
5822	0
5823	0
5824	0
5825	0
5826	0
5827	0
5828	0
5829	0
5830	0
5831	0
5832	0
5833	0
5834	0
5835	0
5836	0
5837	0
5838	0
5839	0
5840	0
5841	0
5842	0
5843	0
5844	0
5845	0
5846	0
5847	0
5848	0
5849	0
5850	0
5851	0
5852	0
5853	0
5854	0
5855	0
5856	0
5857	0
5858	0
5859	0
5860	0
5861	0
5862	0
5863	0
5864	0
5865	0
5866	0
5867	0
5868	0
5869	0
5870	0
5871	0
5872	0
5873	0
5874	0
5875	0
5876	0
5877	0
5878	0
5879	0
5880	0
5881	0
5882	0
5883	0
5884	0
5885	0
5886	0
5887	0
5888	0
5889	0
5890	0
5891	0
5892	0
5893	0
5894	0
5895	0
5896	0
5897	0
5898	0
5899	0
5900	0
5901	0
5902	0
5903	0
5904	0
5905	0
5906	0
5907	0
5908	0
5909	0
5910	0
5911	0
5912	0
5913	0
5914	0
5915	0
5916	0
5917	0
5918	0
5919	0
5920	0
5921	0
5922	0
5923	0
5924	0
5925	0
5926	0
5927	0
5928	0
5929	0
5930	0
5931	0
5932	0
5933	0
5934	0
5935	0
5936	0
5937	0
5938	0
5939	0
5940	0
5941	0
5942	0
5943	0
5944	0
5945	0
5946	0
5947	0
5948	0
5949	0
5950	0
5951	0
5952	0
5953	0
5954	0
5955	0
5956	0
5957	0
5958	0
5959	0
5960	0
5961	0
5962	0
5963	0
5964	0
5965	0
5966	0
5967	0
5968	237
5969	261
5970	270
5971	269
5972	721
5973	332
5974	396
5975	329
5976	444
5977	448
5978	486
5979	490
5980	535
5981	619
5982	879
5983	1465
5984	1598
5985	1107
5986	865
5987	387
5988	562
5989	470
5990	921
5991	617
5992	489
5993	805
5994	1979
5995	2362
5996	3283
5997	5034
5998	9321
5999	8871
6000	11673
6001	5299
6002	10206
6003	30074
6004	5976
6005	2129
6006	3341
6007	9845
6008	1241
6009	1462
6010	1418
6011	2066
6012	2618
6013	846
6014	1016
6015	1174
6016	2173
6017	2506
6018	3468
6019	2005
6020	4742
6021	21234
6022	42499
6023	84121
6024	115359
6025	125074
6026	110339
6027	70382
6028	82724
6029	110781
6030	10223
6031	44243
6032	3921
6033	4359
6034	15543
6035	6574
6036	8456
6037	22363
6038	49660
6039	47630
6040	58359
6041	27915
6042	33269
6043	34345
6044	29091
6045	8679
6046	7341
6047	1672
6048	2338
6049	2775
6050	2395
6051	2007
6052	1931
6053	2176
6054	1929
6055	1974
6056	2009
6057	2189
6058	2368
6059	1592
6060	1493
6061	668
6062	703
6063	922
6064	518
6065	477
6066	512
6067	515
6068	532
6069	512
6070	422
6071	328
6072	288
6073	250
6074	317
6075	360
6076	284
6077	900
6078	257
6079	258
6080	530
6081	523
6082	452
6083	298
6084	232
6085	222
6086	369
6087	209
6088	65
6089	26
6090	107
6091	9
6092	62
6093	29
6094	65
6095	18
6096	7
6097	5
6098	6
6099	1
6100	0
6101	0
6102	0
6103	0
6104	2
6105	9
6106	198
6107	4
6108	8
6109	7
6110	6
6111	2
6112	0
6113	3
6114	1
6115	1
6116	1
6117	2
6118	69
6119	0
6120	0
6121	0
6122	0
6123	0
6124	0
6125	0
6126	0
6127	0
6128	0
6129	0
6130	0
6131	0
6132	0
6133	0
6134	0
6135	0
6136	0
6137	0
6138	0
6139	0
6140	0
6141	0
6142	0
6143	0
6144	0
6145	0
6146	0
6147	0
6148	0
6149	0
6150	0
6151	0
6152	0
6153	0
6154	0
6155	0
6156	0
6157	0
6158	0
6159	0
6160	0
6161	0
6162	0
6163	0
6164	0
6165	0
6166	0
6167	0
6168	0
6169	0
6170	0
6171	0
6172	0
6173	0
6174	0
6175	0
6176	0
6177	0
6178	0
6179	0
6180	0
6181	0
6182	0
6183	0
6184	0
6185	0
6186	0
6187	0
6188	0
6189	0
6190	0
6191	0
6192	0
6193	0
6194	0
6195	0
6196	0
6197	0
6198	0
6199	0
6200	0
6201	0
6202	0
6203	0
6204	0
6205	0
6206	0
6207	0
6208	0
6209	0
6210	0
6211	0
6212	0
6213	0
6214	0
6215	0
6216	0
6217	0
6218	0
6219	0
6220	0
6221	0
6222	0
6223	0
6224	0
6225	0
6226	0
6227	0
6228	0
6229	0
6230	0
6231	0
6232	0
6233	0
6234	0
6235	0
6236	0
6237	0
6238	0
6239	0
6240	0
6241	0
6242	0
6243	0
6244	0
6245	0
6246	0
6247	0
6248	0
6249	0
6250	0
6251	0
6252	0
6253	0
6254	0
6255	0
6256	0
6257	0
6258	0
6259	0
6260	0
6261	0
6262	0
6263	0
6264	0
6265	0
6266	0
6267	0
6268	0
6269	0
6270	0
6271	0
6272	0
6273	0
6274	0
6275	0
6276	0
6277	0
6278	0
6279	0
6280	0
6281	0
6282	0
6283	0
6284	0
6285	0
6286	0
6287	0
6288	0
6289	0
6290	0
6291	0
6292	0
6293	0
6294	0
6295	0
6296	0
6297	0
6298	0
6299	0
6300	0
6301	0
6302	0
6303	0
6304	0
6305	0
6306	0
6307	0
6308	0
6309	0
6310	0
6311	0
6312	0
6313	0
6314	0
6315	0
6316	0
6317	0
6318	0
6319	0
6320	0
6321	0
6322	0
6323	0
6324	0
6325	0
6326	0
6327	0
6328	0
6329	0
6330	0
6331	0
6332	0
6333	0
6334	151
6335	170
6336	208
6337	244
6338	200
6339	227
6340	275
6341	325
6342	588
6343	378
6344	335
6345	316
6346	395
6347	289
6348	521
6349	465
6350	402
6351	513
6352	743
6353	638
6354	741
6355	650
6356	1374
6357	1831
6358	486
6359	447
6360	562
6361	1000
6362	1053
6363	1265
6364	1103
6365	2007
6366	2496
6367	2221
6368	1223
6369	5075
6370	29802
6371	53224
6372	48814
6373	49920
6374	3024
6375	56075
6376	11982
6377	13718
6378	44740
6379	30558
6380	73517
6381	56429
6382	2151
6383	1254
6384	1367
6385	2465
6386	2059
6387	3289
6388	5633
6389	10659
6390	30518
6391	62422
6392	53750
6393	47900
6394	7000
6395	38671
6396	48402
6397	2994
6398	5560
6399	16211
6400	18222
6401	1099
6402	1756
6403	1782
6404	2317
6405	2065
6406	1421
6407	2282
6408	2017
6409	3024
6410	3778
6411	3869
6412	4634
6413	1963
6414	1447
6415	2041
6416	2252
6417	2775
6418	2472
6419	2224
6420	1283
6421	924
6422	1741
6423	1031
6424	1733
6425	1431