% load Q_streams data                \n
%  time (years) Q_streamms (m^3 year^-1)
1996            272158.902
1997            251179.308
1998            240171.012
1999            539811.648
2000            239149.035
2001            129739.491
2002            2896323.624
2003            234700.137
2004            373121.532
2005            1069694.604
2006            1279406.331
2007            853021.35
2008            721173.627
2009            3040071.633
2010            639082.998
2011            3025083.069
2012            1206677.619
2013            1096476.237

