% load Q_streams data                \n
%  time (years) Q_streams (m^3 year^-1)
1995            46520.784
1996            34812.756
1997            35725.329
1998            105917.337
1999            104267.358
2000            56569.068
2001            524312.64
2002            26292.708
2003            109864.296
2004            96184.773
2005            124862.544
2006            155337.345
2007            190250.514
2008            328797.792
2009            79314.885
2010            188714.043
2011            153879.849
2012            50286.51

