% load Q_streams data                \n
%  time (years) Q_streams (m^3 year^-1)
1996            213290.145
1997            1118721.771
1998            814703.553
1999            658390.86
2000            1620160.974
2001            125164.449
2002            840083.283
2003            218108.421
2004            312821.838
2005            207044.181
2006            258578.181
2007            386375.805
2008            168431.499
2009            660947.031
2010            108209.061
2011            382098.843
2012            212991.372
2013            117316.899

