% load S data (Sublimation from lakes)
%  time (day)     S (m day^-1)
1	0.000403012
2	0
3	2.82731E-06
4	0.00019148
5	0.000177294
6	0
7	4.60799E-07
8	1.1673E-05
9	0
10	0
11	0
12	0
13	0
14	0
15	7.39528E-07
16	1.53912E-05
17	1.87773E-05
18	0
19	0
20	0
21	9.29107E-07
22	3.28342E-05
23	2.91983E-05
24	1.24943E-06
25	1.81438E-05
26	1.16852E-06
27	2.13607E-05
28	3.154E-05
29	1.05745E-06
30	3.78149E-05
31	0
32	9.92275E-07
33	2.05466E-05
34	2.81971E-05
35	2.69834E-05
36	0.001285081
37	0.001564354
38	0.001277449
39	0
40	0
41	0
42	0
43	8.86505E-07
44	2.19448E-05
45	1.34914E-05
46	0.002544344
47	0.001647328
48	2.47632E-06
49	4.73812E-05
50	3.49168E-05
51	2.70811E-05
52	1.03825E-06
53	0.000637537
54	0.000357239
55	0
56	4.07025E-07
57	7.6203E-06
58	3.35722E-05
59	1.12186E-05
60	7.45843E-06
61	1.99066E-05
62	1.32634E-05
63	1.80048E-05
64	0
65	0
66	0
67	0
68	0
69	0
70	0
71	0
72	0
73	0
74	0
75	0
76	2.81826E-06
77	0.000713891
78	0.000271211
79	0.002024869
80	0.00081651
81	2.41216E-06
82	0.000641123
83	0.000165781
84	0.000704616
85	0.000400662
86	6.24616E-05
87	3.59434E-05
88	7.06403E-05
89	0.000159543
90	0.000571025
91	3.54094E-05
92	0.000163376
93	0.001379815
94	0.000922398
95	0.000618316
96	0.000936947
97	0.000142098
98	0.000233723
99	0.00017342
100	0.000379216
101	0.000813779
102	0.000133331
103	9.65654E-05
104	0.000140399
105	9.38233E-05
106	0.000131368
107	0.000476711
108	0.00011141
109	0.000112789
110	0.000166296
111	5.60377E-05
112	4.83044E-05
113	0.000390226
114	0
115	0
116	3.44726E-06
117	8.36393E-05
118	0
119	0
120	4.16412E-06
121	0.000149258
122	0.000146296
123	0.000154773
124	0
125	4.89764E-06
126	0.000194199
127	0.00111003
128	0.000423975
129	0.000346444
130	0.000852462
131	0.000346581
132	0.000748034
133	4.48045E-06
134	0.003979912
135	0.003804919
136	0.000714308
137	0.000943564
138	0.000747651
139	0.000835686
140	0.000702942
141	0.000645564
142	0.000683989
143	0.000777763
144	0.001426442
145	0.004321456
146	0.000785507
147	0.001863906
148	0.000841628
149	0.002817038
150	0.002013825
151	0.000736929
152	0.000599175
153	0.00033377
154	0.001557698
155	0.002538474
156	0.002912265
157	0.003083996
158	0.002792575
159	0.002189918
160	0.001780836
161	0.001464978
162	0.003318853
163	0.002652408
164	0.000814508
165	0.000903979
166	0.000994128
167	0.00119815
168	0.002148648
169	0.001586191
170	0.001360293
171	0.001249129
172	0.001127038
173	0.00188785
174	0.001706763
175	0.001693078
176	0.000939063
177	0.002334503
178	0.002308605
179	0.001064503
180	0.001707016
181	0.001804115
182	0.00188711
183	0.00118814
184	0.001760085
185	0.000765021
186	0.000585826
187	0.00050655
188	0.000943123
189	0.00110609
190	0.001169962
191	0.001676393
192	0.001950089
193	0.000887212
194	0.001076689
195	0.001825422
196	0.001358674
197	0.000845447
198	0.001030265
199	0.000950574
200	0.001513974
201	0.001834809
202	0.001748492
203	0.001041385
204	0.001064346
205	0.000954812
206	0.001719262
207	0.002427452
208	0.001613397
209	0.004215696
210	0.002693359
211	0.001908509
212	0.009497877
213	0.010672801
214	0.003398829
215	0.00601896
216	0.000786206
217	0.000488289
218	0.000552185
219	0.000496894
220	0.000759254
221	0.000714439
222	0.001059075
223	0.00044673
224	0.00046449
225	0.001043546
226	0.000419304
227	0.000522883
228	0.000340546
229	0.000883324
230	0.001922977
231	0.000504039
232	0.00038241
233	0.000508026
234	0.00028507
235	0.00029239
236	0.000254313
237	0.000229547
238	0.000175769
239	0.000247001
240	0.000185365
241	0.000215405
242	0.000312502
243	0.000296591
244	0.000162354
245	0.000497793
246	0.000312449
247	0.000147476
248	0.000133346
249	0
250	0
251	0
252	4.56932E-05
253	0.000315364
254	8.86126E-05
255	2.24519E-06
256	7.84061E-05
257	0
258	0
259	0
260	0.000217215
261	0.007397174
262	0.000180812
263	8.7803E-05
264	0.000955861
265	0.000859305
266	0.000202565
267	2.26054E-05
268	8.85765E-06
269	4.44289E-06
270	2.20904E-06
271	2.01238E-05
272	1.00186E-05
273	0.000257282
274	0.002090897
275	0.000272786
276	5.69326E-05
277	0.000116195
278	0.000182697
279	4.31128E-05
280	1.9698E-05
281	0.000300488
282	4.93307E-05
283	0.000709937
284	0.001045436
285	1.38875E-05
286	0.000372946
287	0.001903506
288	0.000851497
289	7.01192E-05
290	0.001564902
291	0.00131417
292	0.000826589
293	1.39389E-05
294	0.000168829
295	0.000250271
296	0
297	0
298	0
299	0
300	0
301	0
302	0
303	0
304	0
305	0
306	0
307	0
308	0
309	0
310	5.2441E-06
311	0.000344198
312	1.52339E-05
313	0.000135956
314	8.78516E-05
315	0.000833512
316	0.000116562
317	6.46877E-05
318	0.000617482
319	0.000620507
320	3.33428E-05
321	4.55997E-05
322	6.46928E-05
323	8.57774E-06
324	1.63736E-05
325	2.62363E-05
326	8.62987E-06
327	6.5061E-06
328	1.53927E-05
329	2.22626E-05
330	2.53198E-05
331	2.60981E-05
332	2.11847E-05
333	1.35999E-05
334	1.06755E-05
335	6.78306E-06
336	5.44475E-06
337	1.13812E-05
338	1.30459E-05
339	0.000291246
340	1.88453E-05
341	1.4234E-05
342	1.72387E-05
343	9.21261E-06
344	3.31371E-05
345	3.91403E-05
346	5.89026E-05
347	1.73534E-05
348	0.000330304
349	6.46839E-05
350	1.87871E-05
351	0.00019868
352	0.000193327
353	2.89006E-05
354	5.23086E-05
355	3.27393E-05
356	2.38864E-05
357	1.71571E-05
358	0.000237038
359	1.67672E-05
360	0.000148226
361	0.001318116
362	0.000754832
363	0.000942531
364	0.00162611
365	0.00026889
366	3.79625E-05
367	0.00037691
368	0.001309217
369	0.001175566
370	8.42507E-05
371	0.000409528
372	0.000221219
373	0.000154815
374	2.60688E-05
375	2.54228E-05
376	3.75536E-05
377	0.000179198
378	0.001510876
379	0.000650158
380	4.41655E-05
381	0.000246621
382	0.000559504
383	3.96608E-05
384	1.18558E-05
385	8.57913E-06
386	1.55703E-05
387	1.98733E-05
388	0.000379433
389	0.00032932
390	0.000114218
391	4.74349E-05
392	4.17541E-05
393	3.48648E-05
394	2.98793E-05
395	2.61813E-05
396	2.08595E-05
397	5.00347E-05
398	0.000942152
399	0.000636409
400	0.000190187
401	0.00010478
402	6.55736E-05
403	0.001055327
404	0.000404358
405	4.38463E-05
406	2.40471E-05
407	0.000270571
408	0.000177521
409	0.000134353
410	6.45884E-05
411	2.17892E-05
412	3.04549E-05
413	3.5316E-05
414	3.48454E-05
415	1.56442E-05
416	0
417	0
418	0
419	0
420	1.56931E-05
421	0.000974822
422	0.003138976
423	0.002434061
424	0.000113036
425	0.000205586
426	0.00026389
427	0.000608824
428	0.000235341
429	4.33809E-05
430	2.09434E-05
431	4.45462E-05
432	3.90741E-05
433	3.01532E-05
434	7.83045E-05
435	0.000115756
436	4.66008E-05
437	5.17311E-05
438	3.24168E-05
439	1.63221E-05
440	0.000118214
441	0.00010765
442	0.000134909
443	0.000397875
444	9.87468E-05
445	0.000121992
446	0.000268525
447	5.22431E-05
448	0.00080828
449	4.88887E-05
450	3.58925E-05
451	3.3583E-05
452	4.21883E-05
453	3.65885E-05
454	4.26559E-05
455	3.25339E-05
456	4.22832E-05
457	4.42101E-05
458	4.84992E-05
459	6.62705E-05
460	4.47111E-05
461	0.001120475
462	0.001150389
463	0
464	7.61566E-06
465	0.000446031
466	0.000260456
467	0.000918456
468	0.000138521
469	0
470	0
471	0
472	0
473	0
474	0
475	0
476	0
477	0
478	0
479	0
480	0
481	0
482	4.04115E-06
483	8.53681E-05
484	0
485	0
486	0
487	1.34215E-05
488	0.000330168
489	0
490	0
491	0
492	0
493	0
494	0
495	9.67167E-06
496	0.000520428
497	2.38489E-05
498	0.000889771
499	0.001017347
500	0.001471724
501	0.000739669
502	0.000943105
503	0.000751511
504	0.001427501
505	0.000639363
506	0.000605889
507	0.000906821
508	0.000909634
509	0.000585972
510	0.000375765
511	0.00039659
512	0.000667822
513	0.000954878
514	0.000642122
515	0.000963283
516	0.001795616
517	0.000795958
518	0.000796034
519	0.000899227
520	0.002585475
521	0.000729098
522	0.002220645
523	0.002245427
524	0.002507911
525	0.001849494
526	0.002442957
527	0.003237472
528	0.003509565
529	0.003671953
530	0.003197324
531	0.00228196
532	0.001861992
533	0.002801626
534	0.002553704
535	0.00246777
536	0.001603547
537	0.002202865
538	0.002855263
539	0.001770217
540	0.001064941
541	0.000495298
542	0.001404126
543	0.001922955
544	0.002700349
545	0.002214046
546	0.001589526
547	0.000915112
548	0.001380685
549	0.002079681
550	0.002149259
551	0.002823894
552	0.001168559
553	0.001213683
554	0.002228442
555	0.001491395
556	0.00192863
557	0.001963143
558	0.00024504
559	0
560	0
561	0
562	3.95346E-06
563	0.000773409
564	0.001318499
565	0.002252031
566	0.001514345
567	0.001064098
568	0.002815957
569	0.002286407
570	0.002676514
571	0.000999209
572	0.00101698
573	0.001482171
574	0.001356978
575	0.001307758
576	0.000883819
577	0.001542417
578	0.002255241
579	0.00135124
580	0.00162903
581	0.002573402
582	0.000836118
583	0.000944795
584	0.000730464
585	0.001482541
586	0.002086901
587	0.000731742
588	0.00052755
589	0.000226165
590	0.000309307
591	0.00058432
592	2.57947E-06
593	9.11406E-05
594	0.000290365
595	0.00043175
596	0.000269485
597	0.000312204
598	0.000353494
599	0.000286043
600	0.000103239
601	0.001957382
602	0.001301591
603	0.000395958
604	0.000237365
605	0.000199227
606	0.000244159
607	0.000236149
608	0.000435531
609	0.000334369
610	0.000151994
611	0.000112847
612	0.000188094
613	0.000155363
614	0.000110499
615	0.000121764
616	0.000584063
617	0.000160057
618	4.39029E-05
619	0
620	0
621	2.15679E-06
622	7.46173E-05
623	5.92273E-05
624	0.000245856
625	5.4834E-05
626	4.53453E-05
627	0
628	0
629	0
630	0
631	0
632	0
633	0
634	0
635	0
636	0
637	0
638	0
639	0
640	0
641	0
642	0
643	0
644	0
645	3.67793E-06
646	0.001599448
647	2.88175E-05
648	0
649	0
650	0
651	0
652	0
653	0
654	0
655	0
656	0
657	0
658	0
659	0
660	0
661	0
662	0
663	0
664	0
665	0
666	0
667	0
668	0
669	0
670	0
671	0
672	2.66705E-06
673	0.000883264
674	0.000788988
675	0.001039439
676	8.41971E-05
677	1.67567E-06
678	5.62333E-05
679	3.10702E-05
680	2.07786E-05
681	3.75893E-05
682	2.35692E-05
683	1.5228E-05
684	2.17031E-05
685	0.000292403
686	0.00245961
687	0.003299667
688	0.001569619
689	0.001270527
690	0.000237795
691	0.000355964
692	0.000138526
693	2.24308E-05
694	0.000279416
695	0.000247476
696	4.13304E-05
697	0.000401555
698	0.000219133
699	0.001738448
700	0.000396701
701	5.67886E-05
702	2.06335E-05
703	2.81113E-05
704	2.36529E-05
705	1.98983E-05
706	1.26386E-05
707	1.47988E-05
708	0.000559312
709	0.001376809
710	0.000934495
711	0.000252697
712	8.19255E-05
713	0.000578631
714	0.000146293
715	0.000337941
716	6.57655E-05
717	1.78933E-05
718	9.39478E-05
719	0.000435232
720	0.002608028
721	0.002052385
722	0.002778333
723	0.000757242
724	0.001211803
725	0.000219051
726	2.50737E-05
727	2.11477E-05
728	1.01326E-05
729	9.86436E-06
730	1.3493E-05
731	1.05589E-05
732	9.27023E-06
733	1.1387E-05
734	9.14708E-05
735	0.001454397
736	5.14678E-05
737	6.37024E-05
738	0.000546663
739	0.001325658
740	0.00019556
741	0.00021067
742	9.64558E-05
743	1.46474E-05
744	0.000403483
745	0.000525131
746	2.85583E-05
747	2.97836E-05
748	3.2689E-05
749	2.24766E-05
750	1.29226E-05
751	1.82553E-05
752	1.46102E-05
753	1.23856E-05
754	1.16755E-05
755	1.19654E-05
756	0.000265453
757	2.76581E-05
758	1.74322E-05
759	1.29646E-05
760	1.74425E-05
761	1.28471E-05
762	1.08242E-05
763	0
764	0
765	0
766	4.03017E-07
767	9.21656E-06
768	0
769	0
770	2.05739E-05
771	0.000891669
772	5.24095E-05
773	0.00067016
774	0
775	0
776	0
777	0
778	3.88866E-05
779	0.000896439
780	5.60711E-05
781	0
782	0
783	0
784	0
785	0
786	0
787	0
788	0
789	0
790	0
791	0
792	0
793	0
794	0
795	0
796	0
797	0
798	0
799	0
800	0
801	0
802	0
803	0
804	0
805	0
806	0
807	0
808	0
809	0
810	0
811	0
812	0
813	0
814	0
815	0
816	0
817	0
818	0
819	4.77132E-05
820	0.000242873
821	0
822	0
823	0
824	0
825	3.80299E-05
826	0.001940817
827	3.41741E-05
828	0.000308592
829	0.001698386
830	0.000701818
831	0.000177266
832	7.26643E-05
833	0.001868327
834	0.001205311
835	0.004220983
836	0.004081935
837	0.000339489
838	0.000243492
839	0.00017364
840	0
841	5.39913E-06
842	0.000109628
843	0.000139314
844	0.000236775
845	0.001188721
846	0.002981247
847	0.003187819
848	0.00037292
849	0.000251998
850	0.000864845
851	0.000384343
852	0.000436958
853	0.000345802
854	0.00021812
855	0.000250972
856	0.000268978
857	0.000341029
858	0.00102274
859	0.004591678
860	0.003374545
861	0.001663434
862	0.003645084
863	0.005744192
864	0.003698313
865	0.001464435
866	0.001269114
867	0.000909737
868	0.002869716
869	0.000969895
870	0.003125497
871	0.001341541
872	0.000985418
873	0.002691735
874	0.005981686
875	0.001529516
876	0.001352248
877	0.001430755
878	0.000962538
879	0.000648085
880	0.000334852
881	0.000117007
882	0.000140251
883	0.000138421
884	0.000341313
885	0.001919631
886	0.00190175
887	0.001006961
888	0.000719109
889	0.001257937
890	0.001400279
891	0.000454712
892	0.000397486
893	0.00090739
894	0.001044605
895	0.00032942
896	0.001339059
897	0.000769695
898	0.000350211
899	0.00136069
900	0.001764976
901	0.000720011
902	0.001107533
903	0.001047317
904	0.00200316
905	0.001876491
906	0.00287671
907	0.004142409
908	0.001061615
909	0.000853888
910	0.001429224
911	0.001727998
912	0.001697235
913	0.000761258
914	0.000846475
915	0.000681867
916	0.000741638
917	0.001942993
918	0.000756669
919	0.001728291
920	0.002333147
921	0.002118092
922	0.002223583
923	0.001136928
924	0.000266097
925	0.000413867
926	0.001188703
927	0.001654403
928	0.001907412
929	0.001383941
930	0.000951742
931	0.001929851
932	0.001703488
933	0.000744487
934	0.002144452
935	0.001231617
936	0.001243967
937	0.001172973
938	0.001624461
939	0.002041706
940	0.000291357
941	0.000313484
942	0.000851516
943	0.002623147
944	0.000752585
945	3.10573E-05
946	0.001073406
947	0.000316753
948	0.000321598
949	0.000727348
950	0.000458327
951	0.000800267
952	0.000249802
953	0.00022283
954	0.000371912
955	0.000254796
956	0.003312037
957	0.000146318
958	1.71448E-06
959	0.000154332
960	0.000157582
961	0.000137203
962	0
963	0
964	0
965	0
966	0
967	0
968	4.29086E-06
969	0.00010904
970	0
971	0
972	0
973	0
974	0
975	0
976	0
977	0
978	0
979	0
980	0
981	0
982	0
983	0
984	0
985	0
986	0
987	0
988	0
989	0
990	0
991	0
992	2.01996E-05
993	0.00040114
994	7.54379E-05
995	3.999E-05
996	5.71194E-05
997	0
998	0
999	0
1000	0
1001	0
1002	0
1003	0
1004	0
1005	0
1006	0
1007	0
1008	0
1009	0
1010	0
1011	0
1012	0
1013	0
1014	0
1015	0
1016	1.81993E-05
1017	0.000236416
1018	3.01761E-05
1019	1.65653E-05
1020	0
1021	0
1022	0
1023	0
1024	0
1025	0
1026	0
1027	5.74335E-06
1028	0.000142792
1029	1.62191E-05
1030	0.000293367
1031	0.000794795
1032	0.000712652
1033	0.000469694
1034	0.000286356
1035	3.49801E-05
1036	1.10645E-05
1037	8.23572E-06
1038	0
1039	1.16547E-05
1040	8.7473E-05
1041	3.14722E-05
1042	3.46496E-06
1043	5.49776E-05
1044	6.00594E-06
1045	0.000141609
1046	2.21307E-05
1047	1.68078E-05
1048	2.06774E-05
1049	1.17055E-05
1050	1.04117E-05
1051	0.000386242
1052	0.000911094
1053	0.000247467
1054	1.0785E-05
1055	5.58758E-06
1056	0.000412046
1057	0.000402494
1058	1.9352E-05
1059	8.1894E-05
1060	2.21219E-05
1061	3.15589E-05
1062	3.74868E-05
1063	0.000122845
1064	0.002608867
1065	0.001014013
1066	7.16311E-05
1067	2.50501E-05
1068	7.18112E-06
1069	4.25E-05
1070	0.000145512
1071	0.001441311
1072	0.00237827
1073	0.000572809
1074	1.98162E-05
1075	0.001219161
1076	0.000559398
1077	5.40519E-05
1078	2.08585E-05
1079	0.001670331
1080	0.000721013
1081	0.000619367
1082	0.000264552
1083	0.000288696
1084	3.94155E-05
1085	1.56778E-05
1086	3.51362E-05
1087	0.000173975
1088	5.28243E-05
1089	0.000744392
1090	0.000120838
1091	0.000102155
1092	0.000321758
1093	0.00021404
1094	4.73074E-05
1095	7.6676E-05
1096	0.000125259
1097	0.000742741
1098	0.000879972
1099	0.000227764
1100	0.00104621
1101	0.000344869
1102	0.000179303
1103	8.42786E-06
1104	3.30631E-06
1105	3.1749E-06
1106	3.10999E-06
1107	6.69191E-06
1108	1.67539E-05
1109	6.00904E-06
1110	1.49773E-05
1111	6.9408E-05
1112	0.000426437
1113	7.34933E-05
1114	0.000235768
1115	3.92515E-05
1116	0.001418284
1117	1.36714E-05
1118	0.000216431
1119	2.87135E-05
1120	0.000231745
1121	0.000130079
1122	0.00015767
1123	3.06593E-05
1124	0.000103413
1125	2.17012E-05
1126	1.91741E-05
1127	2.43319E-05
1128	2.5226E-05
1129	1.03371E-06
1130	2.721E-05
1131	0.000531067
1132	0.001513551
1133	0.003366412
1134	0.000525734
1135	0.000217391
1136	6.94852E-05
1137	0.000381418
1138	0.000285504
1139	3.07683E-05
1140	3.82307E-05
1141	2.00823E-05
1142	2.57861E-05
1143	2.43421E-05
1144	2.15895E-05
1145	1.35709E-05
1146	0
1147	0
1148	0
1149	0
1150	0
1151	0
1152	0
1153	0
1154	0
1155	5.63394E-07
1156	0.000888772
1157	0.000725286
1158	3.60687E-05
1159	1.96289E-05
1160	1.27649E-05
1161	3.87984E-05
1162	1.98644E-05
1163	1.94295E-05
1164	1.72792E-05
1165	1.47681E-05
1166	1.87744E-05
1167	2.08773E-05
1168	1.12751E-05
1169	0
1170	3.34279E-06
1171	0.000190979
1172	0
1173	0
1174	9.16873E-07
1175	2.05769E-05
1176	0
1177	0
1178	0
1179	0
1180	0
1181	0
1182	0
1183	0
1184	0
1185	0
1186	0
1187	4.72794E-05
1188	0.000959977
1189	0.001162836
1190	0.000657092
1191	0.000189385
1192	0.000181756
1193	9.35089E-05
1194	0
1195	0
1196	0
1197	0
1198	9.59933E-06
1199	0.000192184
1200	0.000383121
1201	1.04154E-05
1202	0.000217644
1203	0.001185311
1204	0.002027667
1205	0.000517144
1206	0.004149766
1207	5.86599E-05
1208	4.42968E-05
1209	7.82618E-05
1210	0.000147698
1211	0.000132332
1212	0.000108185
1213	0.000148875
1214	0.000132614
1215	0.000176218
1216	0.00021254
1217	0.000246727
1218	0.000235951
1219	0.00012206
1220	0.000159557
1221	0.000147603
1222	0.0002035
1223	0.000289257
1224	0.001254025
1225	0.002044003
1226	0.001377256
1227	0.002044734
1228	0.000835104
1229	0.000474629
1230	0.000341294
1231	0.000170005
1232	0.000408879
1233	0.000402112
1234	0.000495417
1235	0.000405195
1236	0.000629204
1237	0.000309543
1238	0.000753573
1239	0.00096623
1240	0.000861682
1241	0.00040556
1242	0.000836565
1243	0.000621561
1244	0.00073635
1245	0.000495543
1246	0.000430824
1247	0.000596587
1248	0.000568455
1249	0.000748433
1250	0.002321235
1251	0.001235328
1252	0.001824472
1253	0.00182333
1254	0.002059098
1255	0.00190182
1256	0.00133331
1257	0.000743574
1258	0.001064595
1259	0.001578826
1260	0.001201818
1261	0.000869985
1262	0.001861711
1263	0.001377033
1264	0.001284608
1265	0.001727989
1266	0.001507055
1267	0.002561777
1268	0.009920524
1269	0.006709936
1270	0.003329036
1271	0.005170647
1272	0.013418208
1273	0.010212682
1274	0.004564489
1275	0.004018241
1276	0.002377044
1277	0.002540044
1278	0.001691307
1279	0.001988893
1280	0.001927905
1281	0.001689075
1282	0.002250062
1283	0.007746628
1284	0.000852571
1285	0.000996302
1286	0.000617715
1287	0.000905527
1288	0.000906442
1289	0.002208312
1290	0.001876928
1291	0.001294904
1292	0.001868526
1293	0.001513626
1294	0.00279297
1295	0.004079728
1296	0.00107688
1297	0.000546939
1298	0.001981937
1299	0.002328456
1300	0.001428974
1301	0.001486166
1302	0.00214153
1303	0.001432555
1304	0.001774625
1305	0.001112221
1306	0.001777854
1307	0.00227738
1308	0.001820311
1309	0.000678157
1310	0.0006772
1311	0.000617603
1312	0.000184218
1313	0.000361198
1314	0.000592241
1315	0.000598188
1316	0.000428967
1317	0.000489987
1318	0.000461607
1319	0.002005379
1320	0.000881299
1321	0.000488892
1322	0.000371174
1323	0.000514584
1324	0.000704279
1325	0.000621708
1326	0.001783852
1327	0.000558265
1328	0.000429616
1329	0.000460246
1330	0.000288016
1331	0.000228834
1332	0.000262269
1333	0.00031256
1334	5.82225E-05
1335	0
1336	4.09958E-06
1337	5.75225E-05
1338	0
1339	0
1340	0
1341	0
1342	0
1343	0
1344	0
1345	0
1346	0
1347	0
1348	0
1349	0
1350	0
1351	1.17119E-05
1352	0.000490131
1353	0.000803301
1354	0.000233133
1355	0.000561711
1356	6.9046E-05
1357	4.18124E-05
1358	4.37057E-05
1359	4.00853E-05
1360	0.000232908
1361	0.000586154
1362	6.79069E-05
1363	6.67047E-05
1364	6.29052E-05
1365	0
1366	0
1367	0
1368	0
1369	0
1370	0
1371	5.61758E-06
1372	0.000388924
1373	0.00021491
1374	0.000119197
1375	4.38406E-05
1376	0
1377	0
1378	0
1379	0
1380	0
1381	0
1382	0
1383	0
1384	0
1385	0
1386	0
1387	0
1388	0
1389	0
1390	1.5073E-05
1391	0.000152462
1392	2.5462E-05
1393	0
1394	0
1395	6.69541E-06
1396	0.000159139
1397	3.14244E-06
1398	0.000174234
1399	3.42652E-05
1400	2.26541E-05
1401	8.17777E-06
1402	0.000646893
1403	0.000293369
1404	1.75162E-05
1405	1.65098E-05
1406	0
1407	0
1408	0
1409	1.91371E-06
1410	3.7451E-05
1411	3.39423E-05
1412	3.42144E-05
1413	3.03622E-05
1414	0.000123369
1415	4.65426E-05
1416	1.66053E-05
1417	1.69394E-05
1418	1.80636E-05
1419	8.67849E-06
1420	1.43269E-05
1421	0.000269123
1422	0.001247163
1423	5.74657E-05
1424	5.74435E-05
1425	0.000158859
1426	0.000195011
1427	0.000168389
1428	0.000156381
1429	4.41889E-05
1430	0.000720773
1431	0.000346741
1432	0.000221856
1433	0.000889642
1434	0.000497759
1435	5.49214E-05
1436	0.002111909
1437	0.001065229
1438	3.22084E-05
1439	1.34615E-05
1440	6.54788E-06
1441	2.96695E-05
1442	7.09788E-05
1443	6.22349E-05
1444	8.54662E-05
1445	4.38732E-05
1446	4.76041E-05
1447	0.000150746
1448	3.01659E-05
1449	9.31764E-05
1450	9.58156E-05
1451	1.42022E-05
1452	6.31204E-06
1453	3.70983E-06
1454	3.54964E-06
1455	4.00523E-06
1456	5.08055E-06
1457	1.13641E-05
1458	1.19949E-05
1459	7.89439E-05
1460	0.000118701
1461	0.000253369
1462	9.31897E-05
1463	8.34072E-05
1464	6.77754E-05
1465	0.001012058
1466	0.000788521
1467	0.000839419
1468	0.001211738
1469	0.002913949
1470	0.000320121
1471	9.03425E-05
1472	0.000441671
1473	1.03603E-05
1474	1.96142E-05
1475	4.32298E-05
1476	0.000137576
1477	9.80584E-05
1478	0.000203067
1479	3.68672E-05
1480	4.72632E-05
1481	0.001731124
1482	0.000239861
1483	0.000393588
1484	4.48784E-05
1485	5.1363E-05
1486	0.000397999
1487	3.99274E-05
1488	2.98512E-05
1489	1.0008E-05
1490	1.17084E-05
1491	7.55989E-06
1492	1.28063E-05
1493	2.4641E-05
1494	2.82494E-05
1495	0.000269789
1496	0.001213237
1497	7.0263E-05
1498	0.000287531
1499	0.000142928
1500	0.000141677
1501	0.000502149
1502	0.001496516
1503	0.000404414
1504	2.31194E-05
1505	1.06796E-05
1506	0
1507	0
1508	0
1509	0
1510	0
1511	0
1512	0
1513	0
1514	0
1515	0
1516	0
1517	0
1518	0
1519	0
1520	0
1521	0
1522	0
1523	0
1524	0
1525	5.38175E-06
1526	0.000485557
1527	0
1528	0
1529	1.41004E-05
1530	0.000218879
1531	2.3639E-05
1532	1.12292E-05
1533	0.000763985
1534	0.002140744
1535	0.00225813
1536	0.000374224
1537	0.001212019
1538	0.000641912
1539	3.8063E-05
1540	2.84914E-05
1541	5.23051E-05
1542	4.8233E-05
1543	5.67281E-05
1544	0
1545	0
1546	0
1547	0
1548	0
1549	0
1550	0
1551	0
1552	0
1553	0
1554	0
1555	0
1556	0
1557	0
1558	0
1559	0
1560	0
1561	0
1562	0
1563	0
1564	0
1565	0
1566	0
1567	9.64217E-05
1568	0.005919352
1569	0.001461398
1570	0.001094381
1571	0.000314072
1572	0.000279449
1573	0.000552808
1574	0.000368741
1575	0.000272389
1576	0.0003076
1577	0.000381903
1578	0.000269302
1579	0.000227548
1580	0.000270999
1581	0.000360416
1582	0.000146691
1583	0.000338186
1584	0.00081628
1585	0.000147366
1586	0.000156405
1587	0.000339141
1588	0.000780585
1589	0.000401629
1590	0.001667415
1591	0.000198077
1592	0.002244867
1593	0.000843974
1594	0.001667829
1595	0.000549557
1596	0.002470533
1597	0.000622866
1598	0.000548858
1599	0.00109677
1600	0.00057609
1601	0.000747197
1602	0.000698415
1603	0.000593826
1604	0.0011555
1605	0.000308714
1606	0.000117471
1607	0.000575358
1608	0.000482453
1609	0.000954216
1610	0.000560029
1611	0.00077307
1612	0.000974225
1613	0.000495046
1614	0.000316323
1615	0.001178974
1616	0.001864675
1617	0.002353359
1618	0.003700419
1619	0.003558272
1620	0.002358745
1621	0.002862212
1622	0.003660167
1623	0.007940742
1624	0.004112714
1625	0.002222198
1626	0.001585066
1627	0.000449028
1628	0.001581128
1629	0.00289317
1630	0.00211402
1631	0.002572492
1632	0.002991464
1633	0.003447402
1634	0.002549104
1635	0.002289691
1636	0.001905128
1637	0.001868161
1638	0.002432012
1639	0.002997287
1640	0.003181802
1641	0.001715375
1642	0.001800944
1643	0.00228493
1644	0.00211945
1645	0.002404906
1646	0.002657377
1647	0.001986148
1648	0.0032998
1649	0.002397001
1650	0.001181025
1651	0.000843978
1652	0.002421025
1653	0.000895295
1654	0.00101572
1655	0.001986433
1656	0.002699697
1657	0.005952907
1658	0.002767524
1659	0.000825734
1660	0.002596478
1661	0.003089438
1662	0.001558298
1663	0.001222184
1664	0.001409003
1665	0.003465109
1666	0.005289997
1667	0.002892554
1668	0.001579788
1669	0.001518516
1670	0.002183509
1671	0.002250439
1672	0.001839337
1673	0.002979181
1674	0.001334955
1675	0.001524257
1676	0.001869307
1677	0.000654853
1678	0.000775397
1679	0.000524585
1680	0.000594577
1681	0.000637489
1682	0.000769993
1683	0.00079338
1684	0.000637065
1685	0.000577275
1686	0.000564389
1687	0.000202755
1688	0.000240762
1689	0.000144008
1690	0.000136598
1691	0.000162153
1692	0.000189608
1693	0.000177473
1694	0.000121955
1695	0.000270373
1696	0.000609437
1697	0.000371527
1698	0
1699	3.26908E-07
1700	0.000251841
1701	0.001032047
1702	0.002109071
1703	0.003707139
1704	0.001170709
1705	0.000666333
1706	0.000504318
1707	8.81009E-05
1708	0.000149836
1709	0.000251259
1710	8.98091E-05
1711	2.98907E-05
1712	6.87721E-05
1713	0.00017683
1714	0.000365491
1715	0.000256763
1716	0.000784506
1717	0.001328496
1718	0.000495711
1719	1.12554E-05
1720	8.34098E-05
1721	0.000126282
1722	7.62474E-06
1723	7.89881E-05
1724	6.83854E-05
1725	0
1726	0
1727	0
1728	0
1729	0
1730	0
1731	0
1732	0
1733	0
1734	0.000149493
1735	0.002307809
1736	0.000162687
1737	6.54922E-05
1738	0
1739	0
1740	0
1741	0
1742	0
1743	0
1744	0
1745	0
1746	0
1747	0
1748	0
1749	0
1750	1.76278E-06
1751	0.000177224
1752	1.28283E-05
1753	7.4163E-05
1754	0.000107395
1755	5.46664E-05
1756	0.000339011
1757	0.000118072
1758	2.80447E-05
1759	0.000328226
1760	0.00020577
1761	0.000319522
1762	0.001323825
1763	0.000306665
1764	6.23265E-05
1765	0.000103972
1766	0.000176863
1767	0.000209446
1768	0.000370133
1769	0.000136079
1770	8.41578E-05
1771	9.94356E-05
1772	0.000127162
1773	0
1774	6.23772E-05
1775	7.30728E-05
1776	0.000660186
1777	0.000878705
1778	0.000384451
1779	8.54196E-05
1780	0.000349971
1781	0.000114607
1782	5.08389E-06
1783	8.26189E-05
1784	1.7076E-05
1785	0
1786	0
1787	1.02916E-06
1788	1.42308E-05
1789	1.04099E-05
1790	1.34549E-07
1791	1.8299E-05
1792	5.85061E-05
1793	7.48833E-05
1794	8.15593E-05
1795	3.14872E-05
1796	1.05323E-05
1797	3.71194E-05
1798	0.00045936
1799	0.001713525
1800	8.1039E-05
1801	0.000940856
1802	0.001574274
1803	0.000841573
1804	4.49979E-05
1805	1.42613E-05
1806	8.23524E-05
1807	9.4562E-05
1808	7.74595E-05
1809	9.72157E-05
1810	5.07341E-05
1811	1.14016E-05
1812	5.00628E-05
1813	4.43281E-05
1814	3.90917E-05
1815	2.98022E-05
1816	6.21941E-05
1817	2.42238E-05
1818	1.54657E-05
1819	1.12244E-05
1820	4.29119E-05
1821	0.000470239
1822	1.62036E-05
1823	3.07784E-05
1824	4.51165E-05
1825	1.64074E-05
1826	4.09385E-05
1827	8.16275E-06
1828	0.000197173
1829	0.000574164
1830	0.000533515
1831	0.000413725
1832	0.000378192
1833	0.000263982
1834	0.000732266
1835	0.000892505
1836	2.79912E-05
1837	5.89987E-05
1838	0.000108839
1839	0.000298484
1840	0.000308526
1841	0.00010859
1842	0.000298661
1843	0.002113693
1844	0.002232794
1845	0.000566067
1846	0.001576347
1847	0.00071298
1848	0.00087968
1849	0.000227109
1850	5.70962E-05
1851	1.17748E-05
1852	9.50523E-07
1853	0
1854	3.02433E-07
1855	6.82254E-06
1856	3.60656E-06
1857	9.82459E-06
1858	1.40401E-05
1859	0.000545538
1860	0.001357609
1861	0.000689963
1862	5.46548E-05
1863	0.002242812
1864	0.000145253
1865	0
1866	9.67632E-07
1867	0.000375321
1868	4.0866E-05
1869	0
1870	0
1871	0
1872	0
1873	0
1874	0
1875	0
1876	6.6376E-07
1877	0.000448622
1878	7.13314E-05
1879	2.85641E-05
1880	0.000160679
1881	0.000131319
1882	4.21566E-05
1883	0.000325859
1884	0.000256743
1885	0.002678503
1886	0.000358501
1887	0.000785941
1888	0.000196676
1889	4.56085E-05
1890	4.80447E-05
1891	3.93051E-05
1892	6.3645E-05
1893	0.000146162
1894	9.24915E-05
1895	3.98879E-05
1896	0.000276522
1897	0
1898	0
1899	0
1900	0
1901	0
1902	0
1903	6.48989E-05
1904	0.001235857
1905	9.65152E-05
1906	2.08884E-05
1907	2.79098E-05
1908	3.54518E-05
1909	2.80682E-05
1910	2.54458E-05
1911	2.27743E-05
1912	3.45472E-05
1913	0
1914	0.001170562
1915	0.001742629
1916	0.000629754
1917	0.001339709
1918	0.000969839
1919	0.000515006
1920	0.000631818
1921	0.000422448
1922	0.00020144
1923	8.23961E-05
1924	0.000120572
1925	0.000619628
1926	5.45565E-05
1927	3.63634E-05
1928	3.14468E-05
1929	3.88205E-05
1930	5.1712E-05
1931	7.33284E-05
1932	7.43322E-05
1933	2.62541E-05
1934	0
1935	0
1936	0
1937	0
1938	0
1939	0
1940	0
1941	0
1942	0
1943	2.73783E-06
1944	0.000137912
1945	0.000169808
1946	0.000157788
1947	7.29486E-05
1948	0.000119183
1949	0.000119582
1950	4.09459E-05
1951	5.28651E-05
1952	0.000171693
1953	0.000205406
1954	0.002852645
1955	0.002680422
1956	0.003180945
1957	0
1958	0
1959	1.20205E-05
1960	0.000959901
1961	0.001214092
1962	0.002401715
1963	0.001339833
1964	0.001977085
1965	0.000704308
1966	0.000654793
1967	0.0003579
1968	0.000215295
1969	0.000362935
1970	0.000653177
1971	0.00066402
1972	0.001406712
1973	0.004127874
1974	0.000393365
1975	0.000210411
1976	0.000193545
1977	0.001122323
1978	0.00317581
1979	0.000541128
1980	0.000523843
1981	0.001582793
1982	0.001552388
1983	0.002223503
1984	0.001259405
1985	0.000641811
1986	0.001005312
1987	0.001408074
1988	0.003005608
1989	0.00295415
1990	0.001783373
1991	0.002395351
1992	0.002972372
1993	0.002451756
1994	0.001811272
1995	0.002799547
1996	0.002066878
1997	0.002158966
1998	0.00254969
1999	0.002415835
2000	0.002868528
2001	0.001175893
2002	0.002722379
2003	0.000276927
2004	0.000230504
2005	0.000773893
2006	0.002546512
2007	0.000890148
2008	0.001019135
2009	0.001634017
2010	0.002626623
2011	0.0003359
2012	0.00175569
2013	0.000626215
2014	0.000324113
2015	0.000711957
2016	0.001654263
2017	0.0014051
2018	0.000322946
2019	0.000160862
2020	0.000395008
2021	0.001007565
2022	0.000380958
2023	0.001113825
2024	0.001395733
2025	0.00205179
2026	0.000810078
2027	0.001332499
2028	0.00253102
2029	0.002138294
2030	0.00210131
2031	0.001093254
2032	0.000163161
2033	0.000970608
2034	0.000965549
2035	0.001911472
2036	0.002416615
2037	0.001888841
2038	0.001850309
2039	0.001083072
2040	0.002059856
2041	0.002016727
2042	0.00230325
2043	0.000707428
2044	0.000663185
2045	0.001102196
2046	0.000352167
2047	0.000505116
2048	0.000472419
2049	0.003136985
2050	0.000380871
2051	0.000390639
2052	0.00078834
2053	0.000666055
2054	0.00032059
2055	0.000708278
2056	0.00051657
2057	0.000967438
2058	0.000693229
2059	0.000106788
2060	0.000273416
2061	0.00013457
2062	0.000317985
2063	0.000311675
2064	0.000206098
2065	0.000151667
2066	0.000261932
2067	6.83291E-05
2068	5.02417E-05
2069	0.000309971
2070	0.000261619
2071	0.000165973
2072	3.4183E-05
2073	1.82606E-05
2074	8.08518E-05
2075	5.32722E-06
2076	2.40631E-06
2077	6.28707E-05
2078	8.67114E-05
2079	0.000107781
2080	8.50878E-05
2081	8.54078E-05
2082	0.000104703
2083	9.93118E-05
2084	1.87419E-05
2085	6.45567E-05
2086	8.71007E-05
2087	2.00115E-05
2088	5.58266E-05
2089	7.38223E-05
2090	2.32359E-05
2091	5.68281E-05
2092	3.49432E-05
2093	6.05424E-05
2094	4.19292E-05
2095	0
2096	0.000345543
2097	0.001532277
2098	0.004903213
2099	7.62215E-05
2100	1.43784E-05
2101	8.91235E-06
2102	4.40543E-07
2103	2.71568E-06
2104	0.000874772
2105	0.000157174
2106	0
2107	0
2108	0
2109	0
2110	2.49061E-06
2111	0.000168767
2112	4.49839E-05
2113	0.000171384
2114	7.75324E-05
2115	0
2116	0
2117	0
2118	0
2119	0
2120	0
2121	0
2122	0
2123	0
2124	0
2125	0
2126	7.97203E-05
2127	0.000338704
2128	9.02834E-06
2129	5.33985E-06
2130	0.000157735
2131	8.16177E-05
2132	0.000924382
2133	3.59435E-07
2134	1.14859E-05
2135	3.96166E-06
2136	1.62341E-05
2137	0.000126688
2138	5.07553E-05
2139	2.18631E-05
2140	0.000401541
2141	0.001001494
2142	0.002498274
2143	0.004087771
2144	0.003897539
2145	0.001094965
2146	0.00026846
2147	0.000585851
2148	0.000622841
2149	4.14784E-05
2150	0.000261833
2151	2.15705E-05
2152	2.39385E-05
2153	1.14897E-05
2154	7.67416E-06
2155	1.79576E-05
2156	1.75479E-05
2157	1.24016E-05
2158	0.000181898
2159	1.87493E-05
2160	1.58609E-05
2161	1.18333E-05
2162	4.97272E-06
2163	1.05813E-05
2164	6.79649E-06
2165	4.5066E-06
2166	7.50242E-05
2167	7.57129E-05
2168	3.59916E-05
2169	0.000226954
2170	0.001581118
2171	0.000560502
2172	0.000390829
2173	0.000157401
2174	0.000369841
2175	4.64459E-05
2176	0.000469146
2177	6.5003E-05
2178	0.000167928
2179	0.000673167
2180	0.000411657
2181	0.00195378
2182	0.00062657
2183	0.000211504
2184	1.36834E-05
2185	2.61455E-05
2186	0.000383039
2187	0.000545157
2188	9.8422E-06
2189	1.04636E-05
2190	4.19989E-06
2191	3.90795E-05
2192	4.48565E-05
2193	0.000522372
2194	0.000754075
2195	0.000809691
2196	0.000698113
2197	7.8308E-06
2198	2.19697E-05
2199	2.00312E-05
2200	2.84859E-05
2201	6.04244E-05
2202	0.000788417
2203	0.000270636
2204	0.000691576
2205	0.000989471
2206	0.001300112
2207	0.000597212
2208	0.000140167
2209	7.17645E-05
2210	5.93769E-05
2211	0.000169743
2212	0.000117518
2213	4.31713E-05
2214	5.21807E-05
2215	7.15704E-05
2216	2.27928E-05
2217	8.40232E-05
2218	1.62206E-05
2219	0.00011288
2220	3.94864E-05
2221	4.83638E-05
2222	1.58213E-05
2223	5.42709E-06
2224	6.62824E-07
2225	5.744E-07
2226	6.58184E-06
2227	7.36625E-06
2228	4.82503E-06
2229	2.43372E-06
2230	3.05019E-06
2231	5.35585E-06
2232	7.4291E-06
2233	7.4049E-06
2234	1.03344E-05
2235	7.89485E-06
2236	5.52956E-06
2237	3.53034E-05
2238	7.96188E-05
2239	0.000135393
2240	2.60532E-05
2241	4.67089E-05
2242	1.54412E-05
2243	0
2244	1.16084E-05
2245	1.05634E-05
2246	3.06031E-05
2247	1.31812E-05
2248	1.61053E-05
2249	5.76166E-06
2250	7.15101E-06
2251	9.45812E-05
2252	8.08379E-05
2253	0.000102541
2254	0.000179552
2255	3.91436E-06
2256	8.55728E-06
2257	5.82449E-05
2258	0.00072442
2259	4.8195E-05
2260	1.70598E-05
2261	3.01068E-05
2262	0.00014095
2263	3.79465E-05
2264	3.60064E-05
2265	4.03298E-05
2266	4.05069E-05
2267	0.000396241
2268	0.000380872
2269	6.73031E-05
2270	0.000566332
2271	0.000196455
2272	1.90306E-05
2273	1.10865E-05
2274	4.68333E-05
2275	4.81553E-05
2276	4.69382E-05
2277	2.88947E-05
2278	0.000120939
2279	0.000101585
2280	5.33813E-07
2281	6.22549E-06
2282	0.000347364
2283	0.000132047
2284	0.00024756
2285	4.06609E-05
2286	4.81157E-05
2287	6.25938E-05
2288	0.001179838
2289	0.000982806
2290	0.000821707
2291	0.000516076
2292	0.000918634
2293	0.000819056
2294	0.002102037
2295	0.001268084
2296	0.000127354
2297	0.000103351
2298	8.04778E-05
2299	1.87976E-05
2300	5.67699E-05
2301	6.48888E-05
2302	9.37829E-05
2303	8.97042E-05
2304	0.000151325
2305	0.000114785
2306	0.000439993
2307	0.000512526
2308	0.000977763
2309	0.000635943
2310	0.000585884
2311	0.000619637
2312	0.000209547
2313	0.000203098
2314	0.000225244
2315	0.000206674
2316	0.000258798
2317	0.000313656
2318	0.000264367
2319	0.000366194
2320	0.00124976
2321	0.001013528
2322	0.001767274
2323	0.000205533
2324	0.000205246
2325	0.000721769
2326	0.000372674
2327	0.000420909
2328	0.000394558
2329	0.000607906
2330	0.000699161
2331	0.00071207
2332	0.000573414
2333	0.000309957
2334	0.000396255
2335	0.000795167
2336	0.000866209
2337	0.000576753
2338	0.00100464
2339	0.000776469
2340	0.000723975
2341	0.000862621
2342	0.002277223
2343	0.001095782
2344	0.001088339
2345	0.001027134
2346	0.002600175
2347	0.002125262
2348	0.001442345
2349	0.002893166
2350	0.002964236
2351	0.00295316
2352	0.006173814
2353	0.003166348
2354	0.003276543
2355	0.00267267
2356	0.002659783
2357	0.000994145
2358	0.001890393
2359	0.008639454
2360	0.011370935
2361	0.00415749
2362	0.002736287
2363	0.00298341
2364	0.003155833
2365	0.002999261
2366	0.001890556
2367	0.00207152
2368	0.002143815
2369	0.002141446
2370	0.00107709
2371	0.0014029
2372	0.002100626
2373	0.000982659
2374	0.001024034
2375	0.006971732
2376	0.002282414
2377	0.003464411
2378	0.007812373
2379	0.004951406
2380	0.001626097
2381	0.001528353
2382	0.002154196
2383	0.001819113
2384	0.000573454
2385	0.001200555
2386	0.005385521
2387	0.016253471
2388	0.004434714
2389	0.001747804
2390	0.000987789
2391	0.001112357
2392	0.000774636
2393	0.00089653
2394	0.000612628
2395	9.96276E-05
2396	0.000486683
2397	0.000136752
2398	0.000481651
2399	0.001170466
2400	0.000354883
2401	0.000255837
2402	0.000535181
2403	0.001100853
2404	0.0013048
2405	0.002022599
2406	0.003408834
2407	0.001721035
2408	0.000351201
2409	0.000437784
2410	0.000239028
2411	0.00025963
2412	0.000296659
2413	0.000827579
2414	0.000696158
2415	0.000334253
2416	0.000267299
2417	0.000295931
2418	0.000596353
2419	0.000538212
2420	0.000374371
2421	6.45693E-05
2422	0.001058547
2423	0.000461824
2424	0.001504928
2425	0.004411847
2426	0.001123473
2427	0.000444253
2428	0.000438741
2429	0.000355988
2430	0.000294941
2431	0.000490246
2432	0.000311591
2433	0.000412066
2434	0.00025681
2435	0.000139032
2436	0.000392665
2437	0.000307903
2438	8.04788E-05
2439	4.78344E-05
2440	0.000140753
2441	0.000230472
2442	5.73146E-05
2443	0
2444	0
2445	2.60464E-05
2446	0.000631279
2447	0.000228751
2448	9.22502E-05
2449	0.001243537
2450	0.000879644
2451	9.07919E-05
2452	9.04325E-05
2453	5.43935E-05
2454	0.000531285
2455	0.000251014
2456	9.65516E-05
2457	0.000430753
2458	0.000211737
2459	8.17092E-05
2460	0
2461	7.70058E-05
2462	0.000273815
2463	4.05055E-05
2464	7.42519E-06
2465	0
2466	0
2467	5.85634E-06
2468	1.59707E-05
2469	5.25906E-06
2470	0.000205914
2471	1.31804E-05
2472	2.07697E-05
2473	4.77312E-05
2474	3.84811E-05
2475	1.42112E-05
2476	8.66565E-06
2477	4.01886E-06
2478	2.91633E-05
2479	3.46266E-05
2480	0.000173973
2481	7.20178E-05
2482	1.48909E-05
2483	0
2484	4.3549E-05
2485	0.001379724
2486	0.000328095
2487	8.59178E-06
2488	5.04473E-07
2489	4.70612E-07
2490	1.4241E-06
2491	0.000118289
2492	0.00049152
2493	0.000885701
2494	0.001981786
2495	0.002127804
2496	0.0017385
2497	0.001139497
2498	0
2499	4.71828E-05
2500	0.001089027
2501	0
2502	6.80645E-05
2503	0.002835345
2504	7.6437E-06
2505	0.000110277
2506	7.29647E-05
2507	0.000112006
2508	1.81649E-06
2509	4.37778E-07
2510	1.32851E-05
2511	0.000585758
2512	3.89999E-05
2513	5.23637E-07
2514	2.93018E-05
2515	1.99723E-05
2516	3.83371E-05
2517	0.000783849
2518	0.00054203
2519	8.79481E-05
2520	0.000262108
2521	0.000179208
2522	1.81658E-05
2523	2.5691E-05
2524	3.57573E-05
2525	2.93337E-06
2526	5.54187E-05
2527	2.55479E-05
2528	1.35317E-05
2529	7.34191E-06
2530	3.42688E-06
2531	5.58636E-06
2532	1.86309E-05
2533	2.1079E-05
2534	8.26871E-06
2535	2.07952E-06
2536	5.1793E-06
2537	6.13521E-06
2538	1.09465E-05
2539	1.47971E-07
2540	7.69531E-06
2541	1.82524E-05
2542	1.49505E-05
2543	2.2912E-05
2544	4.16661E-05
2545	7.99486E-05
2546	0.001617563
2547	2.49752E-05
2548	5.83258E-05
2549	9.10108E-08
2550	2.50143E-06
2551	3.92877E-05
2552	1.72639E-05
2553	0
2554	1.0323E-06
2555	1.04073E-06
2556	2.64978E-07
2557	0
2558	1.73758E-07
2559	1.29125E-05
2560	0
2561	0
2562	0
2563	3.95057E-05
2564	0.001186024
2565	0.000141741
2566	1.90835E-06
2567	9.8098E-06
2568	1.97475E-05
2569	1.40734E-05
2570	9.21528E-06
2571	2.30951E-05
2572	2.56615E-05
2573	0
2574	3.92095E-07
2575	3.43494E-05
2576	1.23508E-06
2577	1.89445E-05
2578	4.39197E-07
2579	1.36564E-05
2580	4.51966E-06
2581	1.80784E-05
2582	2.14076E-05
2583	1.29891E-05
2584	1.36976E-05
2585	4.0945E-05
2586	0
2587	0
2588	0
2589	0
2590	0
2591	0
2592	0
2593	5.49128E-07
2594	1.2303E-05
2595	0
2596	0
2597	0
2598	0
2599	0
2600	0
2601	0
2602	0
2603	0
2604	0
2605	0
2606	0
2607	0
2608	0
2609	5.28283E-06
2610	0.001721057
2611	0.000747008
2612	1.44079E-05
2613	0
2614	0
2615	9.93289E-06
2616	0.00017512
2617	2.91769E-05
2618	0
2619	0.000568901
2620	0
2621	0
2622	0
2623	0
2624	0
2625	0
2626	0
2627	0
2628	0
2629	0
2630	0
2631	0
2632	0
2633	0
2634	0
2635	3.75517E-06
2636	0.00135602
2637	0.001135058
2638	3.81392E-05
2639	2.6006E-05
2640	1.1998E-08
2641	0
2642	0
2643	0
2644	3.58781E-07
2645	4.61062E-06
2646	1.16127E-06
2647	6.56835E-05
2648	6.85049E-05
2649	8.58596E-05
2650	0.000169354
2651	9.04351E-05
2652	4.9218E-05
2653	1.99821E-06
2654	1.09501E-05
2655	1.10618E-05
2656	6.32667E-05
2657	3.52112E-05
2658	9.88976E-05
2659	0.0001238
2660	9.9771E-05
2661	5.61291E-05
2662	0
2663	0
2664	0
2665	0
2666	0
2667	0
2668	0
2669	0
2670	0
2671	8.2823E-06
2672	0.000210577
2673	0.000657543
2674	0.000106134
2675	0.000257325
2676	5.07361E-05
2677	7.29545E-05
2678	0.000201934
2679	0.000970453
2680	0.000770386
2681	0
2682	0
2683	0
2684	0
2685	0
2686	0
2687	0
2688	0
2689	0
2690	0
2691	3.99512E-06
2692	0.000183079
2693	0
2694	0
2695	0
2696	0
2697	0.000190234
2698	0.004805877
2699	0.000514194
2700	0.000320388
2701	0
2702	5.02577E-06
2703	0.000214624
2704	0.000376828
2705	0.000362491
2706	0.00036383
2707	0.000394183
2708	0.000637267
2709	0.000787477
2710	0.000352878
2711	0.00141175
2712	0.000852864
2713	0.000477242
2714	0.002187928
2715	0.002218474
2716	0.001864433
2717	0.001809321
2718	0.00137264
2719	0.002423295
2720	0.001493154
2721	0.002436822
2722	0.002757493
2723	0.001688199
2724	0.000770412
2725	0.000778722
2726	0.000138755
2727	0.000571587
2728	0.001706971
2729	0.006622693
2730	0.004621093
2731	0.000499425
2732	0.001210386
2733	0.000484908
2734	0.000591882
2735	0.001686497
2736	0.001217945
2737	0.001133448
2738	0.001644616
2739	0.000996099
2740	0.001547526
2741	0.000943594
2742	0.001451093
2743	0.001961791
2744	0.000933608
2745	0.001140932
2746	0.000679276
2747	0.001210726
2748	0.001795271
2749	0.001668727
2750	0.001297673
2751	0.001058464
2752	0.001352152
2753	0.000977103
2754	0.000523773
2755	0.000331747
2756	0.001887003
2757	0.002423759
2758	0.000935332
2759	0.00037703
2760	0.001759463
2761	0.002344006
2762	0.001442205
2763	0.000696036
2764	0.000901411
2765	0.000655802
2766	0.000854486
2767	0.000967938
2768	0.001538298
2769	0.001485252
2770	0.001583412
2771	0.001320562
2772	0.001288308
2773	0.000269933
2774	0.000294805
2775	0.000221298
2776	0.000573524
2777	0.000680961
2778	0.000737406
2779	0.00073576
2780	0.000483633
2781	0.000548311
2782	0.00051165
2783	0.0002993
2784	0.000187888
2785	0.000105252
2786	6.74675E-05
2787	5.74045E-05
2788	0.000205414
2789	0.000256724
2790	0.000226161
2791	0.000238655
2792	0.000168104
2793	0.001079899
2794	0.000335634
2795	0.000133022
2796	0.000566256
2797	0.000135155
2798	0.000167395
2799	0.0002912
2800	0.000374179
2801	0
2802	0
2803	0
2804	0
2805	0
2806	0
2807	0
2808	0
2809	0
2810	0
2811	0
2812	0
2813	0
2814	0
2815	0
2816	5.83709E-05
2817	0.001041246
2818	0.000117726
2819	3.92615E-05
2820	1.41231E-06
2821	4.76761E-05
2822	0.000826717
2823	0.00181218
2824	0.000497013
2825	0.000260087
2826	0.000130551
2827	0.000631962
2828	2.47668E-05
2829	0.000181327
2830	9.41049E-05
2831	0
2832	0
2833	0
2834	0
2835	0
2836	0
2837	0
2838	0
2839	0
2840	0
2841	0
2842	0
2843	0
2844	0
2845	0
2846	0
2847	0
2848	0
2849	0
2850	3.53643E-05
2851	0.000682724
2852	0.000283095
2853	0.001376686
2854	0
2855	0
2856	0
2857	0
2858	0
2859	0
2860	0
2861	0
2862	0
2863	0
2864	0
2865	0
2866	0
2867	0
2868	0
2869	0
2870	0
2871	0
2872	0
2873	1.60575E-06
2874	1.82446E-05
2875	0
2876	0
2877	0
2878	8.69446E-05
2879	0.00120907
2880	0
2881	0
2882	0
2883	0
2884	8.01551E-05
2885	0.00306859
2886	0.001359285
2887	0.000271807
2888	0.003785139
2889	0
2890	3.33982E-05
2891	0.000530962
2892	3.27453E-05
2893	3.43367E-05
2894	1.48958E-05
2895	4.59219E-06
2896	2.47281E-05
2897	0
2898	0
2899	0
2900	3.07427E-06
2901	2.66763E-05
2902	1.13092E-05
2903	4.19224E-07
2904	4.86032E-06
2905	4.62407E-06
2906	0
2907	5.13454E-06
2908	4.7371E-05
2909	4.07747E-05
2910	2.83727E-05
2911	6.33674E-07
2912	2.32544E-06
2913	8.18185E-06
2914	1.59021E-05
2915	0.000105762
2916	1.48466E-05
2917	1.60636E-05
2918	2.75237E-07
2919	4.22477E-06
2920	9.5973E-06
2921	4.63882E-05
2922	6.2646E-05
2923	1.31449E-06
2924	4.96475E-05
2925	4.62016E-05
2926	0
2927	0
2928	0
2929	0
2930	0
2931	5.42764E-05
2932	0.001097566
2933	0.000125023
2934	6.3576E-07
2935	2.38085E-05
2936	6.16909E-06
2937	2.32464E-05
2938	3.04252E-05
2939	3.41184E-08
2940	1.26905E-05
2941	1.79345E-05
2942	0
2943	0
2944	4.11926E-05
2945	0.000114856
2946	2.54569E-05
2947	2.69641E-05
2948	1.27865E-05
2949	9.67599E-06
2950	0.000675543
2951	0.00108799
2952	0
2953	0
2954	0
2955	0
2956	0
2957	0
2958	0
2959	0
2960	0
2961	0
2962	0
2963	0
2964	0
2965	0
2966	0
2967	0
2968	0
2969	0
2970	0
2971	0
2972	0
2973	0
2974	0
2975	0
2976	0
2977	0
2978	0
2979	0
2980	0
2981	0
2982	0
2983	0
2984	0
2985	0
2986	0
2987	0
2988	0.000371775
2989	0.00037952
2990	1.42184E-05
2991	1.46199E-05
2992	4.45562E-06
2993	2.4555E-06
2994	0.000270262
2995	0
2996	0
2997	0
2998	0
2999	0
3000	0.000111285
3001	0.00387821
3002	0.000850346
3003	1.27324E-05
3004	0.000461582
3005	0
3006	0
3007	0
3008	0
3009	1.29164E-06
3010	0.000167603
3011	0.001017574
3012	0.000146233
3013	6.9212E-05
3014	5.4181E-05
3015	0.000189662
3016	0.000365783
3017	0.001751502
3018	2.08797E-05
3019	9.16078E-05
3020	0.000452696
3021	0.000700356
3022	0.000578021
3023	0.00180961
3024	0.000433556
3025	7.65554E-05
3026	2.4712E-06
3027	0.000369565
3028	0.000216694
3029	0.001152172
3030	0.00071877
3031	0.000849515
3032	0.000436447
3033	0.000168817
3034	0.000219637
3035	0.000396603
3036	0.000379794
3037	0.000130814
3038	8.23093E-05
3039	0.000177519
3040	0.000232791
3041	0.000247226
3042	0.00024313
3043	0.00066669
3044	0.00107676
3045	0.000597537
3046	0.000456858
3047	0.000705732
3048	0.000280905
3049	0.000264391
3050	0.00027754
3051	0.000100667
3052	0.000352383
3053	0.000573311
3054	0.001122372
3055	0.000880127
3056	0.000193288
3057	0.000449382
3058	0.000642912
3059	0.000552457
3060	0.000366079
3061	0.000361399
3062	0.00060463
3063	0.000584894
3064	0.000378911
3065	0.00062619
3066	0.001078723
3067	0.000639251
3068	0.00064985
3069	0.000347642
3070	0.000507034
3071	0.000447734
3072	0.000546833
3073	0.000682036
3074	0.002391874
3075	0.000189112
3076	0.000278425
3077	0.005652763
3078	0.001419734
3079	0.002047394
3080	0.002736771
3081	0.003344055
3082	0.003057413
3083	0.003175521
3084	0.003956084
3085	0.003443898
3086	0.00370394
3087	0.002826104
3088	0.002680371
3089	0.001043425
3090	0.000418375
3091	0.000989233
3092	0.001803126
3093	0.002432625
3094	0.002067619
3095	0.000489014
3096	1.35179E-05
3097	0.000470669
3098	0.001174161
3099	0.000850192
3100	0.000344088
3101	0.001993512
3102	0.003454905
3103	0.003023902
3104	0.00176365
3105	0.00153477
3106	0.000775748
3107	0.001074982
3108	0.000629025
3109	0.000908705
3110	0.001988085
3111	0.001022522
3112	0.001125948
3113	0.001321717
3114	0.001485785
3115	0.000722102
3116	0.000962677
3117	0.000876352
3118	0.001588755
3119	0.000828894
3120	0.000758147
3121	0.00189156
3122	0.001836923
3123	0.000882376
3124	0.000491484
3125	0.001304974
3126	0.001737658
3127	0.000735536
3128	0.001268423
3129	0.001611498
3130	0.001828047
3131	0.001270683
3132	0.001079262
3133	0.000310167
3134	0.001276929
3135	0.002040964
3136	0.002114281
3137	0.002301912
3138	0.00088343
3139	0.000817837
3140	0.000634595
3141	0.000716226
3142	0.000622149
3143	0.000543399
3144	0.000354203
3145	0.000611982
3146	0.000505134
3147	0.000244305
3148	0.000213628
3149	0.000429465
3150	0.000589253
3151	0.000702462
3152	0.000475948
3153	0.000229604
3154	0.000333376
3155	0.000389783
3156	0.000332135
3157	0.000243614
3158	0.000196326
3159	0.000211029
3160	0.000278006
3161	0.000110091
3162	0
3163	0
3164	0
3165	0
3166	0
3167	0
3168	0
3169	0
3170	0
3171	0
3172	0
3173	0
3174	0
3175	0
3176	0
3177	0
3178	0
3179	0
3180	0
3181	0
3182	1.41903E-06
3183	4.67954E-05
3184	0
3185	0
3186	0
3187	0
3188	9.77736E-07
3189	2.20595E-05
3190	3.2762E-05
3191	0
3192	0
3193	0
3194	0
3195	0
3196	0
3197	0
3198	1.76751E-06
3199	0.000705799
3200	7.3851E-07
3201	0.000387456
3202	5.2711E-05
3203	0
3204	0
3205	0
3206	0
3207	0
3208	0
3209	0
3210	0
3211	0
3212	0
3213	0
3214	2.30644E-06
3215	0.000136562
3216	6.56728E-05
3217	2.09945E-05
3218	2.46404E-05
3219	0
3220	0
3221	0
3222	0
3223	0
3224	0
3225	0
3226	0
3227	0
3228	0
3229	0
3230	0
3231	7.78136E-07
3232	4.10118E-05
3233	0.000236423
3234	1.26799E-06
3235	1.83129E-05
3236	1.96486E-05
3237	3.43766E-05
3238	4.51553E-05
3239	0.000392445
3240	0.000585801
3241	0.001190166
3242	0.001379107
3243	5.96332E-05
3244	0.002430959
3245	0.001065014
3246	1.18694E-05
3247	1.51097E-05
3248	0.000416347
3249	1.94125E-05
3250	1.87515E-05
3251	2.32131E-05
3252	3.10099E-05
3253	1.7354E-05
3254	4.27536E-05
3255	2.95077E-05
3256	8.50426E-06
3257	1.1292E-05
3258	1.00456E-05
3259	1.23269E-05
3260	1.40062E-05
3261	2.15531E-05
3262	4.04091E-05
3263	3.17581E-05
3264	0.000668725
3265	0.002542857
3266	3.53739E-07
3267	0.000791669
3268	0.004817678
3269	0.001866012
3270	0.000245694
3271	0.000607412
3272	0.000512776
3273	0.000347065
3274	0.00086964
3275	0.000267394
3276	0.000524878
3277	5.4448E-05
3278	0.001325156
3279	2.48891E-07
3280	0.000499696
3281	4.38441E-05
3282	3.5446E-05
3283	6.52175E-05
3284	4.89036E-05
3285	2.02304E-05
3286	8.64261E-06
3287	1.55542E-05
3288	1.6112E-05
3289	1.55889E-05
3290	1.25007E-05
3291	2.4076E-05
3292	0.000536957
3293	7.85325E-06
3294	9.71749E-06
3295	1.26696E-05
3296	7.93852E-06
3297	1.23747E-05
3298	8.29278E-06
3299	5.72677E-05
3300	0.000130976
3301	0.000815845
3302	0.000151887
3303	0.000199581
3304	5.50732E-05
3305	1.23019E-05
3306	9.0228E-06
3307	1.15651E-05
3308	8.86112E-06
3309	9.34401E-06
3310	1.38931E-05
3311	2.96166E-05
3312	0.000162194
3313	1.17642E-05
3314	1.17666E-05
3315	2.37199E-05
3316	2.03524E-05
3317	3.61053E-05
3318	1.88684E-05
3319	1.53504E-05
3320	0.000271625
3321	0.000495739
3322	0.000359866
3323	0.000854194
3324	3.53164E-05
3325	0.000180299
3326	0.000121974
3327	2.727E-05
3328	4.42389E-05
3329	0.000155728
3330	0.000198394
3331	0.000144032
3332	2.04735E-05
3333	4.44329E-05
3334	1.95341E-05
3335	2.11726E-05
3336	8.67952E-06
3337	1.5804E-05
3338	1.23051E-05
3339	2.29694E-05
3340	1.84024E-05
3341	5.52827E-05
3342	7.30363E-05
3343	0.0021449
3344	0.002508519
3345	1.48106E-05
3346	6.40125E-06
3347	8.03325E-07
3348	7.28579E-05
3349	1.9064E-05
3350	0
3351	0
3352	3.15907E-07
3353	1.39135E-05
3354	8.16236E-05
3355	0.00062347
3356	6.65117E-05
3357	1.09159E-05
3358	0
3359	0
3360	3.05304E-06
3361	0.000118478
3362	0
3363	0
3364	0
3365	0
3366	0
3367	0
3368	0
3369	0
3370	0
3371	0
3372	0
3373	0
3374	0
3375	0
3376	0
3377	0
3378	0
3379	0
3380	0
3381	0
3382	0
3383	0
3384	0
3385	0
3386	0
3387	0
3388	5.73118E-05
3389	0.001863592
3390	0.001448509
3391	0.00130172
3392	0.001474669
3393	0.000324901
3394	0.000130497
3395	0.000149134
3396	0.000146789
3397	0.000223271
3398	0.000294603
3399	0.000179199
3400	0.000515128
3401	0.000407853
3402	4.85673E-05
3403	0.000116717
3404	0.000116939
3405	0.000152904
3406	9.24024E-05
3407	1.21472E-06
3408	9.74705E-05
3409	0.000104343
3410	0.000110256
3411	0.000295106
3412	0.00054515
3413	0.000458408
3414	0.00021518
3415	0.000367568
3416	0.00045874
3417	0.000210811
3418	0.000382496
3419	0.000567132
3420	0.001030982
3421	0.001024969
3422	0.001660783
3423	0.002889534
3424	0.002203178
3425	0.0018266
3426	0.001268442
3427	0.000932247
3428	0.000461886
3429	0.000605327
3430	0.000534542
3431	0.000816397
3432	0.001405653
3433	0.000984264
3434	0.000473916
3435	0.000602593
3436	0.000607246
3437	0.000398684
3438	0.000590099
3439	0.000756745
3440	0.000682622
3441	0.001091429
3442	0.003923829
3443	0.001668943
3444	0.001631738
3445	0.001515288
3446	0.003809088
3447	0.002578097
3448	0.00279444
3449	0.002203818
3450	0.002562434
3451	0.003126741
3452	0.002667726
3453	0.002766965
3454	0.002944027
3455	0.001677197
3456	0.002132813
3457	0.001989803
3458	0.002235686
3459	0.002252082
3460	0.000375872
3461	0.001254155
3462	0.002066539
3463	0.000586844
3464	0.001171733
3465	0.001767299
3466	0.001870661
3467	0.000619338
3468	0.000777445
3469	0.000246848
3470	0.001022836
3471	0.001334766
3472	0.000920412
3473	0.001657938
3474	0.002008764
3475	0.001477913
3476	0.000800224
3477	0.003111808
3478	0.00078083
3479	0.00053728
3480	0.001282162
3481	0.000499166
3482	0.000524171
3483	0.000952733
3484	0.000580057
3485	0.000493194
3486	0.000873414
3487	0.000843549
3488	0.000325585
3489	0.001144092
3490	0.002243916
3491	0.001371706
3492	0.001014705
3493	0.001359401
3494	0.000975657
3495	0.000683542
3496	0.001265788
3497	0.000991459
3498	0.000966827
3499	0.001512507
3500	0.001623257
3501	0.001392855
3502	0.001592181
3503	0.001647856
3504	0.000647165
3505	0.000626265
3506	0.000430052
3507	0.000265877
3508	0.000505785
3509	0.000187821
3510	0.000449063
3511	0.000448673
3512	0.000386734
3513	0.000496501
3514	0.001140701
3515	0.000955961
3516	0.000841942
3517	0.001475825
3518	0.000527727
3519	0.000607535
3520	0.000479159
3521	0.000136825
3522	4.51266E-05
3523	5.34125E-05
3524	0
3525	0
3526	0
3527	0
3528	0
3529	0
3530	0
3531	0
3532	0
3533	0
3534	0
3535	1.06588E-06
3536	2.5873E-05
3537	7.50213E-05
3538	5.35542E-05
3539	0
3540	0
3541	0
3542	0
3543	0
3544	0
3545	3.37642E-06
3546	8.62175E-05
3547	0
3548	0
3549	0
3550	0
3551	0
3552	0.000101836
3553	0.000519467
3554	0.000225256
3555	2.56372E-05
3556	3.21143E-05
3557	3.73083E-05
3558	0.000267952
3559	0.000364353
3560	6.94138E-05
3561	0.000273592
3562	5.09811E-05
3563	2.87236E-06
3564	5.34714E-05
3565	1.7332E-05
3566	3.64979E-05
3567	0.000552137
3568	7.00224E-05
3569	3.07632E-05
3570	1.23039E-05
3571	5.16037E-05
3572	7.24009E-05
3573	1.18093E-05
3574	1.99829E-06
3575	1.70612E-05
3576	1.67809E-06
3577	1.98006E-05
3578	0
3579	0
3580	0
3581	0
3582	0
3583	0
3584	0
3585	0
3586	0
3587	3.16626E-06
3588	0.000232377
3589	1.85103E-05
3590	4.01902E-05
3591	3.25428E-05
3592	1.45977E-05
3593	4.21481E-05
3594	0.000384113
3595	0.000872313
3596	4.42108E-06
3597	2.25108E-05
3598	0.000114923
3599	0.000261717
3600	0.000250095
3601	0.001003073
3602	0.000685963
3603	0.000130003
3604	0.000668067
3605	0.000303074
3606	0.0001461
3607	0.000158738
3608	0.000601224
3609	0.000579383
3610	0.001904447
3611	8.35021E-05
3612	4.44973E-05
3613	2.13673E-05
3614	3.48878E-05
3615	3.33819E-05
3616	1.39531E-05
3617	2.2234E-05
3618	9.20792E-06
3619	2.90791E-05
3620	2.08903E-05
3621	0.000566277
3622	0.000153465
3623	2.37722E-07
3624	1.01886E-05
3625	3.31609E-05
3626	3.56122E-05
3627	3.64434E-05
3628	2.85649E-05
3629	1.22703E-05
3630	1.11973E-05
3631	8.69033E-06
3632	1.10658E-05
3633	2.03513E-05
3634	1.2787E-05
3635	0.000367251
3636	0.001017421
3637	0.000906935
3638	7.85405E-05
3639	0.000354882
3640	0.000309766
3641	2.52003E-05
3642	1.42114E-05
3643	3.82374E-05
3644	5.58689E-06
3645	5.65637E-06
3646	0.000393836
3647	0.000333636
3648	0.001039144
3649	0.000155577
3650	1.34062E-05
3651	1.46353E-05
3652	0.000957391
3653	0.002342913
3654	0.002334898
3655	0.001093789
3656	0.000148521
3657	9.88277E-06
3658	2.27602E-05
3659	2.18055E-05
3660	1.41255E-05
3661	1.27047E-05
3662	1.68693E-05
3663	2.47656E-05
3664	1.99294E-05
3665	1.4862E-05
3666	2.101E-05
3667	1.66237E-05
3668	2.52187E-05
3669	3.30575E-05
3670	9.07424E-05
3671	4.77044E-05
3672	5.50813E-05
3673	4.74116E-05
3674	0.000684398
3675	0.000635409
3676	3.80327E-05
3677	9.20666E-05
3678	8.77393E-06
3679	3.81121E-06
3680	1.42948E-05
3681	1.22003E-05
3682	6.2459E-06
3683	0.000787469
3684	0.00240808
3685	4.81088E-05
3686	7.1753E-06
3687	9.03669E-06
3688	7.75917E-06
3689	5.67758E-06
3690	1.84714E-05
3691	9.89013E-06
3692	1.24873E-05
3693	9.2073E-06
3694	3.27211E-07
3695	0.000449549
3696	0.000714436
3697	0.000218616
3698	4.14306E-05
3699	2.64128E-05
3700	2.8903E-05
3701	0.000426858
3702	0.002135834
3703	0.000782326
3704	0.000610301
3705	0.00018819
3706	1.52728E-05
3707	1.0442E-05
3708	6.09802E-06
3709	0.000269276
3710	0.000368876
3711	0.000262422
3712	1.55707E-05
3713	2.9006E-05
3714	9.86321E-06
3715	1.7914E-05
3716	7.19209E-05
3717	0.00012272
3718	3.22814E-05
3719	0.000417214
3720	0.000185222
3721	1.80042E-05
3722	0.00032467
3723	0.000227273
3724	6.74014E-05
3725	5.95707E-05
3726	3.64148E-05
3727	5.73315E-05
3728	4.20785E-05
3729	0.00016506
3730	0.000660434
3731	0.000688559
3732	0.000452683
3733	0.000177412
3734	0.000174454
3735	6.14E-05
3736	2.28173E-05
3737	2.94531E-05
3738	3.88204E-05
3739	2.73707E-05
3740	2.25201E-05
3741	4.03634E-05
3742	5.16456E-05
3743	5.74181E-05
3744	0.000194201
3745	0.001087901
3746	0.000110549
3747	5.17316E-05
3748	4.85106E-05
3749	0.001557772
3750	5.46191E-05
3751	5.27948E-05
3752	2.5327E-05
3753	5.13693E-05
3754	0.000608734
3755	0.000233279
3756	0.00082907
3757	0.000217026
3758	0.002158649
3759	0.001101352
3760	0.000289872
3761	7.80535E-05
3762	7.66355E-05
3763	9.60502E-05
3764	8.60996E-05
3765	7.93102E-05
3766	0.000519447
3767	0.001479789
3768	0.001762506
3769	0.001631661
3770	0.000286123
3771	0.000680578
3772	0.001052035
3773	0.000208838
3774	0.000247548
3775	0.001117337
3776	0.001311276
3777	0.000657547
3778	0.000884042
3779	0.001453526
3780	0.000568732
3781	0.000219027
3782	0.00043044
3783	0.000545595
3784	0.000544038
3785	0.000454904
3786	0.000447028
3787	0.001919864
3788	0.000505739
3789	0.000195544
3790	0.000330368
3791	0.000500489
3792	0.000463535
3793	0.000556999
3794	0.00038918
3795	0.000321815
3796	0.000150454
3797	0.000363125
3798	0.000609831
3799	0.001544946
3800	0.000405969
3801	0.001044407
3802	0.000557629
3803	0.001029174
3804	0.000698986
3805	0.000681626
3806	0.00045962
3807	0.002229156
3808	0.005152527
3809	0.003310606
3810	0.002652827
3811	0.002562816
3812	0.003147019
3813	0.00142657
3814	0.00223307
3815	0.001426549
3816	0.000562434
3817	0.000807549
3818	0.00117479
3819	0.001154659
3820	0.000854424
3821	0.000794181
3822	0.002973722
3823	0.000823832
3824	0.000679354
3825	0.000885336
3826	0.00260264
3827	0.002453583
3828	0.001579709
3829	0.000516982
3830	0.001118507
3831	0.001606509
3832	0.001095583
3833	0.001509729
3834	0.001577489
3835	0.002431117
3836	0.001794006
3837	0.002030877
3838	0.00193063
3839	0.002467102
3840	0.002994791
3841	0.002149389
3842	0.000806903
3843	0.001479566
3844	0.002971947
3845	0.003993302
3846	0.002968587
3847	0.001639549
3848	0.001704393
3849	0.000717425
3850	0.001745633
3851	0.00222584
3852	0.000867552
3853	0.002152783
3854	0.001230696
3855	0.000896583
3856	0.000650687
3857	0.001652974
3858	0.00111801
3859	0.001503221
3860	0.001494444
3861	0.003555584
3862	0.001384646
3863	0.000773588
3864	0.000880107
3865	0.000771704
3866	0.000813934
3867	0.001184189
3868	0.002051423
3869	0.000628965
3870	0.000390855
3871	0.000390182
3872	0.000471709
3873	0.000381447
3874	1.9008E-06
3875	0.000198522
3876	0.000397182
3877	0.000519701
3878	0.000625345
3879	0.000495912
3880	0.000508674
3881	0.000242745
3882	0.000491871
3883	0.000447615
3884	0.000407015
3885	0.00108855
3886	0.000333917
3887	0.001028891
3888	0.000329337
3889	0.000220847
3890	0.000227357
3891	0.000106841
3892	0
3893	0
3894	0
3895	0
3896	0
3897	0
3898	0
3899	6.43205E-05
3900	0.00165476
3901	0.000154261
3902	0.000145247
3903	4.54743E-05
3904	4.85064E-05
3905	0.000149412
3906	0.00031204
3907	0.000429351
3908	0.000164895
3909	2.24552E-05
3910	7.46417E-05
3911	5.59053E-05
3912	7.92342E-05
3913	3.0542E-05
3914	0
3915	1.7615E-06
3916	9.16859E-05
3917	7.23311E-05
3918	0
3919	0
3920	0
3921	0
3922	0
3923	0
3924	0
3925	0
3926	0
3927	0
3928	0
3929	0
3930	0
3931	0
3932	0
3933	0
3934	0
3935	0
3936	4.31123E-06
3937	0.000739544
3938	0.000164608
3939	5.77928E-05
3940	5.39097E-05
3941	5.39005E-05
3942	3.90571E-05
3943	2.65585E-05
3944	3.58808E-05
3945	2.04377E-05
3946	2.06777E-05
3947	2.54869E-05
3948	1.79535E-05
3949	2.59435E-05
3950	0
3951	0
3952	0
3953	1.25796E-05
3954	0.000329228
3955	3.25372E-05
3956	2.52909E-05
3957	0.000448002
3958	0.00010627
3959	0.000828155
3960	0.001070051
3961	0.003012307
3962	2.4571E-05
3963	1.76488E-05
3964	1.52329E-05
3965	1.94366E-05
3966	2.52663E-05
3967	1.97643E-05
3968	1.19091E-05
3969	1.13499E-05
3970	1.62564E-05
3971	2.20317E-05
3972	1.80956E-05
3973	1.394E-05
3974	1.51259E-05
3975	2.32703E-05
3976	5.03827E-05
3977	2.88802E-05
3978	1.85925E-05
3979	3.25945E-05
3980	4.23886E-05
3981	0.000202407
3982	0.00022801
3983	0.000537183
3984	0.000220718
3985	4.32245E-05
3986	2.43961E-05
3987	5.04172E-05
3988	0.000470501
3989	0
3990	2.8369E-06
3991	0.001368523
3992	0.002300121
3993	0.001720146
3994	0.001163183
3995	6.54131E-05
3996	5.04437E-05
3997	3.01811E-05
3998	2.68117E-05
3999	0.000482664
4000	0.001328354
4001	0.000165541
4002	0.000185599
4003	0.000290109
4004	0.001811365
4005	3.06668E-05
4006	3.89565E-05
4007	5.02208E-05
4008	3.23327E-05
4009	1.84487E-05
4010	2.02263E-05
4011	8.54513E-05
4012	1.2039E-05
4013	0.000224823
4014	1.3315E-05
4015	0.000212851
4016	1.62412E-05
4017	1.93783E-05
4018	5.48587E-05
4019	4.12606E-05
4020	2.42883E-05
4021	2.20269E-05
4022	2.4561E-05
4023	1.96544E-05
4024	2.08971E-05
4025	5.89568E-05
4026	2.99225E-05
4027	1.46035E-05
4028	3.41218E-05
4029	3.26773E-05
4030	0.000159464
4031	0.000274327
4032	1.88478E-05
4033	4.0773E-05
4034	0.000975882
4035	5.16265E-07
4036	2.22494E-05
4037	3.14459E-05
4038	2.61645E-05
4039	2.66091E-05
4040	3.21751E-05
4041	4.06398E-05
4042	6.38771E-05
4043	3.06975E-05
4044	6.68212E-07
4045	1.78109E-05
4046	1.91506E-05
4047	1.95409E-05
4048	0.00016174
4049	0.000318636
4050	0.001698037
4051	0.00198469
4052	0.002361942
4053	0.00021507
4054	0.000941204
4055	2.73294E-07
4056	0.000217351
4057	1.77101E-05
4058	0
4059	0
4060	0
4061	6.45332E-05
4062	0.000299427
4063	0.000391127
4064	0.000735031
4065	0.000118876
4066	3.06946E-05
4067	0
4068	0
4069	0
4070	0
4071	0
4072	0
4073	0
4074	1.46256E-05
4075	0.000301591
4076	0
4077	0
4078	0
4079	0
4080	0
4081	0
4082	0
4083	2.20797E-05
4084	0.000432554
4085	3.43068E-05
4086	0
4087	0
4088	2.36141E-06
4089	0.000508421
4090	0.000341749
4091	4.06618E-05
4092	1.17637E-05
4093	5.23419E-05
4094	4.53502E-05
4095	1.90754E-05
4096	9.13128E-07
4097	0.000600977
4098	0.002216819
4099	0.002623713
4100	0.00247858
4101	0.003053511
4102	0.001492152
4103	1.70788E-05
4104	6.73956E-06
4105	8.88814E-06
4106	0
4107	0
4108	0
4109	0
4110	0
4111	0
4112	0
4113	2.25335E-05
4114	0.001130187
4115	0.000184404
4116	6.83575E-05
4117	0.000149243
4118	6.81489E-05
4119	6.21129E-05
4120	6.82827E-05
4121	3.05592E-05
4122	6.63583E-05
4123	9.13914E-05
4124	0.000118069
4125	4.40343E-05
4126	4.52965E-05
4127	3.70284E-05
4128	6.4453E-05
4129	0.00010455
4130	8.37604E-05
4131	9.37854E-05
4132	0
4133	7.42374E-06
4134	0.000234602
4135	0.000239903
4136	0.000216469
4137	0.000113829
4138	0
4139	4.85212E-06
4140	0.000244812
4141	0.000356622
4142	0.000179378
4143	0.0002918
4144	0.000323431
4145	0.000187289
4146	0
4147	0
4148	9.37422E-06
4149	0.000459766
4150	0.000360648
4151	0.000346124
4152	0.000471043
4153	0.000459395
4154	0.000457782
4155	0.000328514
4156	0.000664978
4157	0.000773477
4158	0.000346944
4159	0.001590493
4160	0.000961245
4161	0.000475007
4162	0.000692127
4163	0.000960679
4164	0.000864168
4165	0.000524135
4166	0.000665485
4167	0.000671538
4168	0.000899681
4169	0.000770019
4170	0.000950369
4171	0.000473674
4172	0.00081681
4173	0.001604138
4174	0.002649968
4175	0.003205222
4176	0.002997141
4177	0.002904951
4178	0.003100305
4179	0.003411768
4180	0.002129424
4181	0.001421154
4182	0.001730984
4183	0.001877196
4184	0.000633671
4185	0.000578801
4186	0.002122435
4187	0.002665563
4188	0.003052593
4189	0.003124683
4190	0.000903789
4191	0.001529871
4192	0.002967564
4193	0.002851339
4194	0.001171939
4195	0.001521371
4196	0.000701063
4197	0.000893427
4198	0.001410621
4199	0.002160354
4200	0.002849623
4201	0.007534055
4202	0.009446895
4203	0.005207215
4204	0.002936297
4205	0.002821846
4206	0.002738866
4207	0.003190937
4208	0.001821748
4209	0.001926447
4210	0.002460159
4211	0.003139953
4212	0.002041331
4213	0.001359198
4214	0.001200837
4215	0.003262686
4216	0.006214645
4217	0.002064388
4218	0.001964742
4219	0.001440326
4220	0.001702128
4221	0.002422845
4222	0.005139976
4223	0.002998196
4224	0.001823785
4225	0.001480432
4226	0.001315881
4227	0.001020866
4228	0.001177059
4229	0.001700175
4230	0.000985968
4231	0.001651426
4232	0.001877295
4233	0.000836489
4234	0.000416467
4235	9.85546E-05
4236	0.000265419
4237	0.000270089
4238	0.000366625
4239	0.000286424
4240	0.000512056
4241	0.000740261
4242	0.000373419
4243	0.000199625
4244	0.000403651
4245	0.000585063
4246	0.001045808
4247	0.001481841
4248	0.000445961
4249	0.000202757
4250	0.000230476
4251	0.000200354
4252	0.000235582
4253	0.000122285
4254	0.000194306
4255	0.000209721
4256	0.000247826
4257	4.76785E-05
4258	0
4259	0
4260	0
4261	0
4262	0
4263	0
4264	2.13474E-05
4265	0.001463371
4266	0.002463088
4267	0.000380993
4268	3.0061E-05
4269	8.48972E-05
4270	0.000107169
4271	0.000156587
4272	0.000317365
4273	4.65978E-05
4274	2.97577E-05
4275	2.06406E-05
4276	2.03043E-05
4277	4.09497E-05
4278	0.000122968
4279	2.44805E-05
4280	3.54872E-05
4281	0.000537131
4282	0.000183824
4283	0.000617628
4284	4.7241E-05
4285	1.91462E-05
4286	0
4287	0
4288	0
4289	0
4290	0
4291	0
4292	0
4293	0
4294	0
4295	0
4296	0
4297	0
4298	2.90806E-05
4299	0.000523235
4300	4.15311E-05
4301	6.18963E-05
4302	3.45169E-05
4303	0
4304	0
4305	0
4306	0
4307	0
4308	0
4309	0
4310	0
4311	0
4312	2.16922E-06
4313	0.001015412
4314	0.001993015
4315	0.00140254
4316	0.001296369
4317	0.00069488
4318	0.001975617
4319	1.38118E-05
4320	2.80226E-05
4321	3.57449E-05
4322	0.000116778
4323	4.05346E-05
4324	2.65772E-05
4325	0.000482463
4326	0
4327	0
4328	1.63981E-06
4329	0.000356112
4330	0.000662941
4331	8.93099E-05
4332	5.20856E-05
4333	0.000534251
4334	5.03735E-05
4335	8.30764E-06
4336	4.25994E-05
4337	3.12913E-05
4338	3.71154E-05
4339	6.77681E-05
4340	2.35865E-05
4341	7.75084E-06
4342	1.95783E-05
4343	3.93996E-05
4344	0.000384591
4345	1.44489E-05
4346	0.000677744
4347	1.51067E-06
4348	4.25209E-05
4349	6.36326E-05
4350	5.5096E-05
4351	0.000644047
4352	0.000586882
4353	0.000218624
4354	0.000259646
4355	7.1043E-05
4356	0.000149166
4357	2.58313E-05
4358	0.000335371
4359	0.000358525
4360	0.002439752
4361	0.001502153
4362	0.002801166
4363	0.000752231
4364	0.000259874
4365	4.81578E-05
4366	7.82713E-05
4367	7.791E-05
4368	7.3509E-05
4369	3.58359E-05
4370	0.000124334
4371	0.000546284
4372	0.000361289
4373	0.001139684
4374	0.000269499
4375	0.001638141
4376	2.88264E-05
4377	3.13707E-05
4378	0.000109949
4379	1.61634E-05
4380	1.56272E-06
4381	2.71535E-06
4382	5.4894E-06
4383	0.000112435
4384	9.57032E-05
4385	0.000496652
4386	0.000856319
4387	0.000666937
4388	0.000727822
4389	0.000130815
4390	0.000119662
4391	1.86304E-05
4392	1.28054E-05
4393	1.31297E-05
4394	1.42032E-05
4395	6.71897E-06
4396	9.02311E-06
4397	0.000348484
4398	1.64938E-05
4399	0.000254181
4400	0.000644807
4401	0.003905709
4402	0.001874071
4403	1.34765E-05
4404	1.28893E-05
4405	0.000388992
4406	0.000230422
4407	3.69916E-05
4408	3.68896E-05
4409	2.75442E-05
4410	1.35882E-05
4411	4.93887E-05
4412	0.000660858
4413	5.52586E-05
4414	6.81118E-05
4415	0.001620983
4416	0.000865735
4417	0.000744623
4418	0.002261266
4419	0.000636077
4420	0.000665903
4421	0.000629132
4422	0.000241193
4423	1.10715E-05
4424	2.82271E-05
4425	1.12199E-05
4426	1.10052E-05
4427	7.28118E-06
4428	0.000297814
4429	0.000474171
4430	1.92516E-05
4431	6.88467E-05
4432	0.000446743
4433	7.10041E-05
4434	6.92552E-05
4435	7.06142E-05
4436	2.19482E-06
4437	1.80375E-05
4438	9.92278E-06
4439	1.63811E-05
4440	0.000228434
4441	2.41775E-05
4442	2.46146E-05
4443	1.86148E-05
4444	0.000209902
4445	0
4446	0
4447	0
4448	0
4449	0
4450	0
4451	0
4452	0
4453	0
4454	0
4455	0
4456	0
4457	0
4458	0
4459	0
4460	6.56514E-05
4461	0.001595104
4462	0.000573878
4463	0.000328595
4464	0.000677431
4465	0.000326288
4466	0.000882882
4467	8.63228E-05
4468	0.000469441
4469	5.27146E-05
4470	0.002699307
4471	0.000509206
4472	3.27586E-05
4473	0.00036246
4474	1.52663E-05
4475	2.21176E-05
4476	5.78364E-05
4477	0.000117059
4478	0.000104235
4479	0.000886087
4480	0.000495011
4481	3.08917E-05
4482	2.2281E-05
4483	0
4484	0
4485	2.10417E-06
4486	3.49633E-05
4487	0.000153204
4488	0.00096434
4489	0.000496268
4490	0.0001081
4491	0.000170061
4492	0.000264163
4493	0.000211469
4494	0.000305323
4495	0.000268768
4496	6.92351E-05
4497	0
4498	0
4499	0
4500	0
4501	0
4502	0
4503	0
4504	0
4505	0
4506	0
4507	0
4508	0
4509	0
4510	0
4511	0
4512	0
4513	5.79322E-05
4514	0.001139259
4515	0.002313334
4516	0.000536522
4517	0.000514346
4518	0.000288613
4519	0.000383977
4520	0.000207913
4521	0.000261115
4522	0.000354943
4523	0.000260502
4524	0.000282307
4525	0.000493109
4526	0.000305208
4527	0.000344768
4528	0.000766977
4529	0.000348614
4530	0.001082719
4531	0.000871473
4532	0.000671673
4533	0.000608651
4534	0.000856315
4535	0.000501147
4536	0.000728525
4537	0.00126855
4538	0.002264197
4539	0.000801254
4540	0.001814376
4541	0.000692955
4542	0.000573355
4543	0.002279134
4544	0.002621042
4545	0.003112372
4546	0.002676753
4547	0.002864872
4548	0.004151271
4549	0.003650373
4550	0.002515985
4551	0.003491805
4552	0.003443712
4553	0.002084797
4554	0.002667995
4555	0.003441056
4556	0.002596667
4557	0.001878898
4558	0.000853247
4559	0.003131943
4560	0.003307965
4561	0.002103904
4562	0.000854325
4563	0.000618925
4564	0.001835451
4565	0.001243538
4566	0.001235785
4567	0.001418465
4568	0.000978996
4569	0.001791252
4570	0.00274419
4571	0.003135499
4572	0.001394472
4573	0.00167979
4574	0.001323619
4575	0.003024151
4576	0.001366338
4577	0.001401283
4578	0.000927137
4579	0.002378321
4580	0.002891054
4581	0.003563246
4582	0.003906257
4583	0.002499072
4584	0.001057725
4585	0.001245266
4586	0.001868323
4587	0.002421368
4588	0.001685737
4589	0.002124781
4590	0.002278385
4591	0.001448226
4592	0.001855992
4593	0.001797704
4594	0.001411132
4595	0.00110843
4596	0.001806059
4597	0.002011785
4598	0.000898884
4599	0.000251931
4600	0.000433997
4601	0.000728203
4602	0.000650241
4603	0.000764747
4604	0.000419053
4605	0.000315743
4606	0.000285503
4607	0.000185672
4608	0.000220883
4609	0.000292576
4610	0.000213684
4611	0.000306721
4612	0.000423445
4613	0.000808517
4614	0.000232639
4615	0.000333143
4616	0.000713743
4617	0.000512272
4618	0.000268791
4619	0.000701981
4620	0.00017723
4621	0.000453817
4622	0.000528098
4623	0.001165831
4624	0.000517509
4625	0.000240864
4626	0.000181503
4627	0.000113808
4628	0.000261005
4629	0.000141973
4630	0.000212749
4631	0.000184601
4632	0.000236099
4633	0.000225128
4634	0.000187121
4635	7.46681E-05
4636	7.32554E-05
4637	4.32131E-05
4638	2.68803E-05
4639	0
4640	0
4641	0
4642	0
4643	0
4644	0
4645	0
4646	0
4647	0
4648	0
4649	0
4650	3.59297E-05
4651	0.002575622
4652	0.000304808
4653	0.00103697
4654	0.000134178
4655	0.000819219
4656	1.48655E-05
4657	2.57535E-05
4658	1.90992E-05
4659	2.29581E-05
4660	0.000258866
4661	2.51022E-05
4662	0.000239251
4663	0.000330265
4664	0.000181822
4665	2.34665E-05
4666	1.27087E-05
4667	4.8551E-05
4668	2.41544E-05
4669	2.88912E-05
4670	1.54408E-05
4671	2.22423E-05
4672	9.60604E-05
4673	0.000756407
4674	0.000257085
4675	8.22058E-06
4676	1.6547E-05
4677	0
4678	2.71834E-06
4679	0.000115041
4680	2.31535E-05
4681	0.000631569
4682	0.000286115
4683	0.000751421
4684	0.001141798
4685	0.000318136
4686	0.000104077
4687	6.69525E-08
4688	1.56213E-06
4689	0.000279449
4690	5.46801E-05
4691	0.000230533
4692	0.001194913
4693	0.000233096
4694	9.29697E-05
4695	2.33311E-05
4696	8.64885E-06
4697	2.27766E-05
4698	2.91503E-05
4699	6.53935E-05
4700	3.841E-06
4701	2.30543E-05
4702	0.000379554
4703	0.000196659
4704	0.000266477
4705	1.90916E-05
4706	6.68238E-05
4707	1.98668E-05
4708	1.95945E-05
4709	1.24782E-05
4710	7.81039E-05
4711	0.000314105
4712	1.23923E-05
4713	0.000640288
4714	0.000259402
4715	3.4023E-05
4716	2.50076E-05
4717	0.000521332
4718	5.05767E-05
4719	3.79264E-06
4720	3.1335E-05
4721	4.38114E-05
4722	0.000215442
4723	0.000385266
4724	0.000680617
4725	0.000264825
4726	0.002093409
4727	0.003303598
4728	0.000371789
4729	0.000313432
4730	0.000551991
4731	3.68113E-05
4732	1.12967E-06
4733	0.000111728
4734	0.000118893
4735	0.000445997
4736	0.000285749
4737	0.000105534
4738	4.18454E-05
4739	1.44131E-05
4740	0.000160115
4741	1.31105E-06
4742	6.25693E-06
4743	5.64468E-06
4744	1.49636E-05
4745	5.63231E-05
4746	0.001240173
4747	0.002451359
4748	0.000549713
4749	1.39235E-06
4750	1.35748E-05
4751	1.53869E-05
4752	1.56342E-05
4753	1.39229E-05
4754	8.09687E-06
4755	1.19177E-05
4756	2.49043E-05
4757	0.000195231
4758	0.000540052
4759	4.61944E-06
4760	1.25435E-05
4761	1.99417E-05
4762	1.99519E-05
4763	1.3166E-05
4764	0.000402464
4765	0.000133311
4766	0.000397641
4767	0.001084855
4768	0.001069642
4769	6.45963E-06
4770	9.11084E-06
4771	9.2971E-06
4772	1.29501E-05
4773	8.71014E-06
4774	1.29297E-05
4775	2.63374E-05
4776	1.73721E-05
4777	0.000206511
4778	0.000368715
4779	0.000470585
4780	3.04209E-05
4781	0.000101404
4782	0.000381859
4783	1.49488E-05
4784	2.20502E-05
4785	4.53692E-06
4786	4.77879E-06
4787	5.96511E-06
4788	0
4789	0
4790	0
4791	0
4792	0
4793	0
4794	5.55465E-06
4795	2.90949E-05
4796	0
4797	0
4798	8.42441E-06
4799	0.000231257
4800	2.2715E-05
4801	6.49609E-06
4802	4.98223E-06
4803	1.15003E-05
4804	1.44738E-05
4805	1.21294E-05
4806	2.01004E-05
4807	0
4808	0
4809	0
4810	1.95948E-07
4811	0.00027109
4812	4.02693E-05
4813	5.12397E-06
4814	7.45211E-07
4815	0.000895052
4816	0.001144418
4817	3.74506E-05
4818	0.000104715
4819	0.000770573
4820	0.000387961
4821	0.000352519
4822	0.001230977
4823	0.000787702
4824	0.001008479
4825	0.000198676
4826	2.0297E-05
4827	0.000241997
4828	0.000285137
4829	0.000781672
4830	0.002015298
4831	0.001926264
4832	0.000840894
4833	0.001119438
4834	0.000891698
4835	0.000480635
4836	0.000324607
4837	0.000843961
4838	0.000619312
4839	0.000167255
4840	0.000120073
4841	0.00012484
4842	5.80472E-05
4843	3.08188E-05
4844	2.46109E-05
4845	5.95917E-05
4846	6.45502E-06
4847	8.61724E-05
4848	1.87759E-05
4849	0
4850	0
4851	2.13475E-06
4852	0.000508305
4853	0.000458556
4854	0.000436128
4855	1.98955E-05
4856	1.85445E-05
4857	0.000136426
4858	0.00011988
4859	0.000190217
4860	0.000121265
4861	5.91871E-05
4862	4.57709E-05
4863	6.31294E-05
4864	0.000108795
4865	0.000496833
4866	0.000332808
4867	0.000177407
4868	0.000276445
4869	0.000201215
4870	0.000286431
4871	0.000268867
4872	9.96272E-05
4873	7.1393E-05
4874	0.000113721
4875	0.000108487
4876	7.83601E-05
4877	0.000271521
4878	0.000293693
4879	0.000397016
4880	0.00042729
4881	0.000333465
4882	0.00099105
4883	0.000498184
4884	0.000659497
4885	0.000262716
4886	0.000667097
4887	0.000597561
4888	0.000388376
4889	0.0001824
4890	0.00051518
4891	0.000563692
4892	0.001647804
4893	0.001631938
4894	0.000357361
4895	0.00041948
4896	0.00042627
4897	0.001068107
4898	0.000896016
4899	0.000267655
4900	0.002066311
4901	0.002369449
4902	0.00103226
4903	0.005669124
4904	0.00548496
4905	0.002472064
4906	0.000774789
4907	0.002003307
4908	0.00239442
4909	0.002331847
4910	0.00288246
4911	0.004080329
4912	0.002567339
4913	0.003593459
4914	0.002128887
4915	0.002561762
4916	0.002213273
4917	0.000884143
4918	0.000862711
4919	0.00253622
4920	0.002269605
4921	0.003435497
4922	0.002779162
4923	0.002756675
4924	0.003089575
4925	0.003901983
4926	0.002535522
4927	0.002183462
4928	0.003610555
4929	0.001642765
4930	0.000874339
4931	0.001082788
4932	0.003598499
4933	0.002899808
4934	0.002039399
4935	0.001712444
4936	0.001106926
4937	0.00188694
4938	0.001898328
4939	0.002161165
4940	0.001200093
4941	0.001020195
4942	0.001314646
4943	0.001187739
4944	0.00074521
4945	0.000578321
4946	0.00079608
4947	0.001388937
4948	0.000983418
4949	0.000863602
4950	0.000787168
4951	0.00142349
4952	0.001448716
4953	0.000617684
4954	0.001217552
4955	0.004285206
4956	0.004555059
4957	0.002720908
4958	0.003201393
4959	0.002181922
4960	0.001319791
4961	0.0020891
4962	0.002269003
4963	0.001716186
4964	0.00142165
4965	0.000642352
4966	0.000836549
4967	0.000889904
4968	0.000556231
4969	0.000323566
4970	0.00040543
4971	0.000441593
4972	0.000415258
4973	0.000209672
4974	0.00029787
4975	0.000316895
4976	0.000102866
4977	9.53629E-05
4978	0.000133734
4979	0.00023843
4980	0
4981	0
4982	0
4983	0
4984	0
4985	0
4986	0
4987	0
4988	0
4989	0
4990	0
4991	0
4992	0
4993	5.64992E-06
4994	0.000641064
4995	0.000108147
4996	0.000164966
4997	0.00011281
4998	9.80817E-05
4999	0.000108996
5000	0.000135304
5001	0.000118344
5002	7.19913E-05
5003	2.23772E-05
5004	3.79695E-05
5005	5.50434E-05
5006	9.24077E-06
5007	9.15165E-06
5008	3.91296E-06
5009	2.27797E-05
5010	1.42245E-05
5011	4.85796E-05
5012	5.33374E-05
5013	1.80601E-05
5014	1.25638E-05
5015	5.23102E-06
5016	4.48242E-06
5017	1.68299E-05
5018	2.67726E-05
5019	1.20405E-05
5020	3.71232E-05
5021	0.000213676
5022	0.000270653
5023	6.38993E-06
5024	0.00021401
5025	0.000109686
5026	5.21592E-05
5027	3.031E-06
5028	4.57624E-05
5029	6.07426E-05
5030	0.000330795
5031	3.73884E-05
5032	7.07359E-05
5033	9.21993E-05
5034	6.78495E-05
5035	0.001509187
5036	0.002435927
5037	0.000338069
5038	4.45801E-05
5039	1.87912E-05
5040	1.9231E-05
5041	2.56442E-05
5042	0.000620354
5043	0.002086481
5044	0
5045	0
5046	4.80706E-05
5047	0.000974556
5048	0
5049	0
5050	0
5051	2.42307E-05
5052	0.000582636
5053	0.000832279
5054	0.001054692
5055	0.000512876
5056	0.001962865
5057	0.00106003
5058	1.51404E-06
5059	0.000469104
5060	0.000251988
5061	4.20471E-05
5062	5.36235E-06
5063	9.09583E-06
5064	3.40349E-05
5065	7.19307E-06
5066	5.80709E-06
5067	3.55347E-06
5068	1.24425E-05
5069	1.14108E-05
5070	1.67794E-05
5071	1.76498E-05
5072	6.23277E-05
5073	9.15097E-06
5074	2.0166E-05
5075	2.24538E-05
5076	2.14375E-05
5077	0.000548733
5078	0.000355489
5079	0.000488824
5080	0.000538323
5081	0.000519381
5082	6.10179E-05
5083	3.76764E-05
5084	2.6961E-05
5085	0.001093554
5086	0.000886343
5087	1.36909E-05
5088	0.000473188
5089	0.000563893
5090	0.000622568
5091	3.7692E-05
5092	1.79986E-05
5093	9.47551E-06
5094	6.94824E-06
5095	1.73961E-05
5096	1.65957E-05
5097	3.29756E-05
5098	0.000799729
5099	6.11414E-05
5100	0.000429166
5101	0.000629585
5102	8.86617E-05
5103	0.000561219
5104	7.52895E-06
5105	1.19969E-05
5106	0.000155854
5107	5.28225E-06
5108	2.66052E-05
5109	3.53721E-05
5110	6.4367E-05
5111	0.000669
5112	0.000250114
5113	0.00091473
5114	0.00116818
5115	0.000195416
5116	0.000777427
5117	9.54158E-05
5118	8.77128E-07
5119	0.000170702
5120	0.000319947
5121	1.97357E-05
5122	1.83788E-05
5123	7.03993E-06
5124	4.67036E-06
5125	1.22805E-05
5126	0.000128412
5127	2.18781E-05
5128	3.38424E-05
5129	0.000251694
5130	0.000239232
5131	0.000165656
5132	1.67173E-05
5133	0.000254149
5134	2.61336E-05
5135	1.36919E-05
5136	0.000455296
5137	0.000154246
5138	0.001258816
5139	0.000599133
5140	3.37647E-05
5141	1.37555E-05
5142	1.56198E-06
5143	8.124E-07
5144	2.27213E-06
5145	4.58299E-06
5146	2.04618E-05
5147	0.000109373
5148	0.0007166
5149	1.30943E-05
5150	2.61157E-05
5151	1.10561E-05
5152	3.74232E-06
5153	4.76603E-06
5154	0
5155	0
5156	4.77412E-06
5157	0.000640813
5158	0.001012776
5159	0.001394196
5160	0.000509655
5161	0.000168895
5162	3.63869E-05
5163	2.14709E-05
5164	1.28436E-05
5165	6.48305E-06
5166	3.59347E-06
5167	0
5168	0
5169	0
5170	3.48279E-07
5171	0.000550863
5172	0.000124261
5173	2.59796E-05
5174	0.000179901
5175	1.6375E-05
5176	7.1739E-06
5177	0.000114013
5178	0.000130641
5179	1.22186E-05
5180	6.68221E-05
5181	0.000554975
5182	3.99511E-05
5183	0.000946005
5184	0.000388228
5185	3.16787E-06
5186	1.05854E-05
5187	1.13998E-05
5188	0.001822272
5189	0.00443595
5190	0.001851538
5191	5.58807E-05
5192	0.000706713
5193	0.000854457
5194	5.40351E-05
5195	6.20909E-05
5196	0.00017587
5197	4.86182E-05
5198	3.48708E-05
5199	2.98472E-05
5200	4.0414E-05
5201	6.93633E-05
5202	7.6371E-05
5203	0.000754082
5204	0.001840993
5205	0.000948759
5206	0
5207	0
5208	0
5209	0
5210	0
5211	0
5212	8.07027E-07
5213	4.29933E-05
5214	1.70447E-06
5215	0.000269646
5216	0.00012763
5217	0.001355525
5218	0.00026913
5219	0.000435551
5220	0.000202984
5221	0.000116968
5222	0.000134748
5223	0.000100246
5224	0.00013693
5225	9.29994E-05
5226	2.69075E-05
5227	7.52559E-05
5228	0.000156073
5229	9.52333E-05
5230	0.000144651
5231	9.6125E-05
5232	0.000233661
5233	0.000298276
5234	8.07039E-05
5235	0.000265158
5236	0.000219525
5237	0.000388084
5238	0.000424782
5239	0.000446459
5240	0.000660558
5241	0.000696578
5242	0.000937488
5243	0.000422829
5244	0.000390197
5245	0
5246	0
5247	0
5248	0
5249	2.31869E-05
5250	0.003619849
5251	0
5252	1.35832E-05
5253	0.000703715
5254	0.000384068
5255	0.000500826
5256	0.00196132
5257	0.001167414
5258	0.000603285
5259	0.000732828
5260	0.000368288
5261	1.25668E-05
5262	0.001353031
5263	0.000783629
5264	0.000837795
5265	0.000608436
5266	0.000825874
5267	0.002126791
5268	0.00150699
5269	0.002950621
5270	0.002909987
5271	0.002914742
5272	0.001666637
5273	0.002227109
5274	0.001894119
5275	0.001661121
5276	0.00087924
5277	0.000560454
5278	0.001417926
5279	0.001077753
5280	0.001785849
5281	0.001138204
5282	0.001527993
5283	0.002316792
5284	0.002319229
5285	0.002316729
5286	0.001838136
5287	0.000428565
5288	0.000728098
5289	0.000826995
5290	0.000914942
5291	0.001607231
5292	0.001370186
5293	0.001801034
5294	0.002618164
5295	0.001325048
5296	0.001040802
5297	0.001131849
5298	0.002288716
5299	0.002418072
5300	0.002216098
5301	0.001443723
5302	0.000285362
5303	0.001382949
5304	0.000282799
5305	4.43167E-05
5306	0.001569937
5307	0.001196729
5308	0.00136686
5309	0.001312072
5310	0.002391041
5311	0.000756288
5312	0.000567359
5313	0.001414195
5314	0.001623505
5315	0.001535182
5316	0.000808032
5317	0.001098805
5318	0.001569398
5319	0.0018552
5320	0.001023946
5321	0.001537856
5322	0.001377389
5323	0.001415114
5324	0.001376893
5325	0.001443604
5326	0.000806597
5327	0.000630098
5328	0.000806702
5329	0.001579183
5330	0.000335703
5331	0.000197365
5332	0.000356405
5333	0.001125304
5334	0.000402378
5335	0.000127188
5336	0.000868027
5337	0.001614597
5338	0.000622869
5339	0.000401703
5340	0.000410253
5341	0.000288387
5342	0.000645135
5343	0.00043369
5344	0.000324984
5345	5.73993E-05
5346	0
5347	0
5348	0
5349	0
5350	0
5351	0
5352	0
5353	0
5354	0
5355	0
5356	1.19697E-05
5357	0.001035416
5358	0.000411015
5359	0.000266997
5360	0.000158526
5361	0.000155135
5362	0.000117768
5363	1.7692E-05
5364	2.1784E-05
5365	5.18318E-05
5366	6.25645E-06
5367	0.000151938
5368	9.1064E-06
5369	0
5370	0
5371	1.74258E-08
5372	1.74258E-08
5373	6.6677E-05
5374	7.33427E-05
5375	0.000175563
5376	0.000414701
5377	0.000145791
5378	0.000110604
5379	0
5380	0
5381	0
5382	0
5383	0
5384	0
5385	0
5386	0
5387	0
5388	0
5389	0
5390	0
5391	0
5392	1.8183E-05
5393	0.001219035
5394	0.000493154
5395	0
5396	3.67553E-05
5397	0.000559188
5398	5.16594E-05
5399	7.01079E-05
5400	0.000754706
5401	1.08031E-05
5402	2.30642E-05
5403	1.79616E-05
5404	4.57318E-05
5405	2.29801E-05
5406	3.28931E-05
5407	9.82037E-06
5408	0
5409	0
5410	1.80497E-06
5411	0.00041733
5412	0.00018941
5413	0.000102805
5414	0.000144039
5415	4.36977E-05
5416	0
5417	0
5418	2.24061E-06
5419	0.000122594
5420	2.05786E-06
5421	0.000868374
5422	0.000529525
5423	2.547E-05
5424	2.74125E-06
5425	0.000359103
5426	0.00020913
5427	1.95296E-06
5428	2.41084E-05
5429	1.62956E-05
5430	1.59088E-05
5431	3.38883E-06
5432	2.77915E-06
5433	1.53735E-05
5434	1.2405E-05
5435	1.3576E-05
5436	1.06624E-05
5437	2.94062E-05
5438	6.93505E-05
5439	1.55834E-05
5440	3.56806E-05
5441	0.000413212
5442	0.000835034
5443	0.000929799
5444	0.0001098
5445	0.000142372
5446	1.8169E-05
5447	0.000346797
5448	0.000459484
5449	4.89456E-05
5450	2.96498E-05
5451	1.53956E-05
5452	1.37671E-05
5453	6.05536E-05
5454	0.000986349
5455	0.000692468
5456	3.01444E-05
5457	1.95108E-05
5458	0.000416332
5459	0.000313501
5460	1.38593E-05
5461	5.94977E-05
5462	0.000242869
5463	3.96776E-05
5464	1.80671E-05
5465	8.99064E-05
5466	6.22803E-05
5467	5.28999E-05
5468	4.74854E-05
5469	4.37378E-05
5470	7.57786E-05
5471	9.75565E-05
5472	4.06815E-05
5473	0.000148268
5474	5.91619E-05
5475	0.000550761
5476	0.000290864
5477	5.69004E-05
5478	2.80559E-05
5479	1.40063E-05
5480	3.44094E-05
5481	2.04528E-05
5482	2.23576E-05
5483	2.99946E-05
5484	2.87049E-05
5485	0.000121694
5486	0.00104994
5487	0.000731934
5488	0.000145212
5489	0.000226436
5490	0.001033878
5491	0.001098613
5492	0.000274273
5493	0.000511348
5494	2.06511E-05
5495	2.21619E-06
5496	5.89595E-06
5497	3.48113E-06
5498	8.56684E-06
5499	0.000259713
5500	0.000510943
5501	3.51337E-05
5502	7.94867E-05
5503	4.48447E-05
5504	3.41683E-05
5505	0.000362299
5506	9.71985E-05
5507	1.38452E-05
5508	1.90562E-05
5509	1.29199E-05
5510	1.68958E-05
5511	1.99725E-05
5512	0.000116643
5513	2.77657E-05
5514	0.000419224
5515	3.39253E-05
5516	0.000226694
5517	3.10088E-05
5518	1.29459E-05
5519	3.97272E-05
5520	0.000204187
5521	3.96836E-05
5522	0.000345449
5523	0
5524	0
5525	3.45962E-05
5526	0.002245203
5527	0.000374389
5528	3.44338E-06
5529	1.68103E-05
5530	0.000858724
5531	0.001476942
5532	0
5533	0
5534	0
5535	0
5536	0
5537	0
5538	0
5539	0
5540	0
5541	0
5542	0
5543	0
5544	0
5545	0
5546	0
5547	0
5548	0
5549	0
5550	0
5551	6.03651E-07
5552	1.28938E-05
5553	0
5554	0
5555	0
5556	2.27736E-05
5557	0.00043771
5558	8.85527E-07
5559	2.83719E-05
5560	6.07762E-07
5561	3.84808E-05
5562	0.000393746
5563	5.71405E-05
5564	0
5565	0
5566	0
5567	0
5568	0
5569	0
5570	0
5571	0
5572	0
5573	0
5574	0
5575	0
5576	0
5577	7.44334E-05
5578	0.000925936
5579	5.2021E-05
5580	6.60693E-05
5581	0
5582	0
5583	6.28194E-06
5584	9.03041E-05
5585	0.00035814
5586	3.78941E-06
5587	0.000157455
5588	0.000166517
5589	0.000165672
5590	0.000176652
5591	0.00028048
5592	0.001037874
5593	0.000194226
5594	4.65579E-05
5595	5.43683E-05
5596	8.09896E-05
5597	3.72353E-05
5598	8.63976E-07
5599	3.96257E-06
5600	0.000315331
5601	0.000225747
5602	0.003053099
5603	0.002931284
5604	0.002365436
5605	0.000953586
5606	0.001490937
5607	0.000416239
5608	0.002228202
5609	0.002289595
5610	0.00099334
5611	0.001087753
5612	0.001541032
5613	0.000857789
5614	0.001004908
5615	0.000273954
5616	0.000724811
5617	0.000616794
5618	0.000579531
5619	0.00042271
5620	0.000821627
5621	0.002198518
5622	0.000568712
5623	0.000452604
5624	0.000831414
5625	0.000713669
5626	0.000521539
5627	0.000702084
5628	0.000509665
5629	0.000766795
5630	0.001233195
5631	0.001765507
5632	0.000852261
5633	0.00292933
5634	0.003447317
5635	0.002398855
5636	0.001192435
5637	0.002095858
5638	0.002468195
5639	0.003220169
5640	0.005534674
5641	0.005657384
5642	0.013269632
5643	0.007104457
5644	0.002093335
5645	0.002933018
5646	0.002332649
5647	0.002026635
5648	0.001445037
5649	0.00240055
5650	0.002846299
5651	0.002606318
5652	0.002252422
5653	0.002078543
5654	0.001787197
5655	0.001388431
5656	0.001207087
5657	0.001703441
5658	0.0021562
5659	0.002102185
5660	0.001545016
5661	0.000935558
5662	0.000250819
5663	0.000385327
5664	0.000490735
5665	0.001256117
5666	0.000507615
5667	0.001132153
5668	0.001293833
5669	0.000960788
5670	0.001156311
5671	0.000439946
5672	0.000684116
5673	0.001720022
5674	0.000688437
5675	0.001507909
5676	0.000692558
5677	0.000611125
5678	0.000712872
5679	0.001931106
5680	0.002716416
5681	0.002114172
5682	0.001880693
5683	0.00118119
5684	0.00166752
5685	0.000136978
5686	9.83882E-05
5687	0.000721289
5688	0.000201883
5689	0.000111642
5690	0.000772195
5691	0.001546128
5692	0.0011551
5693	0.000403386
5694	0.000875621
5695	0.001075615
5696	0.000411933
5697	0.000428055
5698	0.000306202
5699	0.00044149
5700	0.000502962
5701	0.000217107
5702	0.000466191
5703	0.000352383
5704	0.000553407
5705	0
5706	5.14818E-06
5707	0.000268764
5708	0.000410805
5709	0.000311235
5710	0.000390687
5711	0.00113667
5712	0.000670989
5713	0.000174993
5714	0.000194718
5715	0.000345834
5716	1.72183E-05
5717	0.001121191
5718	8.66483E-05
5719	0.000223116
5720	0.000150167
5721	0.000151612
5722	0.000109246
5723	4.28448E-05
5724	3.85292E-07
5725	5.26969E-05
5726	0
5727	0
5728	1.28096E-05
5729	0.000683121
5730	3.26494E-05
5731	1.18625E-05
5732	0
5733	0
5734	0
5735	0
5736	0
5737	0
5738	0
5739	0
5740	0
5741	0
5742	0
5743	0
5744	0
5745	0
5746	0
5747	0
5748	0
5749	0
5750	0
5751	2.84546E-06
5752	3.69548E-05
5753	8.24894E-05
5754	0
5755	0
5756	0
5757	0
5758	0
5759	0
5760	0
5761	0
5762	0
5763	0
5764	0
5765	0
5766	6.71771E-06
5767	0.001520616
5768	0.001686919
5769	0.000220713
5770	0.001338531
5771	0
5772	0
5773	0
5774	0
5775	0
5776	2.77792E-05
5777	0.000339304
5778	0.000614249
5779	0.001700212
5780	2.36693E-05
5781	0.000368887
5782	0.000132372
5783	2.67212E-05
5784	1.17864E-05
5785	1.44806E-05
5786	2.99128E-08
5787	1.90871E-06
5788	3.39559E-07
5789	9.95023E-06
5790	1.26808E-05
5791	1.70537E-05
5792	0.000929049
5793	0.000330713
5794	0.00071185
5795	8.63068E-05
5796	0.000152968
5797	7.55309E-06
5798	4.62393E-06
5799	2.10639E-05
5800	1.76105E-05
5801	3.36678E-06
5802	1.76887E-05
5803	0.00120866
5804	0.001613953
5805	3.28283E-06
5806	0.000615529
5807	0.000152926
5808	2.59933E-05
5809	0.00024036
5810	9.19795E-05
5811	4.02386E-05
5812	0.000160479
5813	7.01208E-05
5814	2.98313E-05
5815	7.8536E-05
5816	1.5733E-05
5817	1.45551E-06
5818	0.000406817
5819	0.000336594
5820	0.00044351
5821	2.59238E-05
5822	0.001161226
5823	7.96214E-07
5824	3.58456E-05
5825	0.000423678
5826	0.002035674
5827	0.00083703
5828	1.46007E-05
5829	0.00151487
5830	0.00178139
5831	0.001719622
5832	5.34303E-05
5833	0
5834	1.16982E-08
5835	0
5836	7.89251E-07
5837	2.70924E-06
5838	1.09214E-05
5839	1.23618E-05
5840	1.3075E-05
5841	2.38167E-05
5842	2.73382E-05
5843	1.67103E-05
5844	8.59276E-06
5845	4.67694E-06
5846	1.18694E-05
5847	0.000422743
5848	0.000208984
5849	2.01614E-06
5850	5.07363E-06
5851	2.30218E-05
5852	4.3354E-05
5853	2.96157E-05
5854	0.000453863
5855	2.32889E-05
5856	2.57795E-05
5857	1.74822E-05
5858	5.34571E-05
5859	0.000177087
5860	0.000882141
5861	0.003100023
5862	0.001492268
5863	0
5864	0.000304507
5865	0.001147986
5866	0.000753326
5867	2.79855E-05
5868	1.71956E-05
5869	1.06026E-05
5870	0.000265777
5871	0.001153999
5872	0.002482314
5873	0.001361545
5874	0.000415454
5875	0.001457552
5876	0.002157141
5877	0.001522834
5878	5.16773E-07
5879	0.000387568
5880	0.002600859
5881	7.90204E-06
5882	1.97541E-05
5883	9.42324E-06
5884	0
5885	0
5886	0
5887	0
5888	6.11932E-06
5889	0.000564002
5890	0.000168014
5891	1.15042E-05
5892	9.11994E-06
5893	9.45369E-07
5894	0
5895	0
5896	0
5897	0
5898	0
5899	0
5900	0
5901	0
5902	0
5903	0
5904	0
5905	0
5906	0
5907	0
5908	0
5909	0
5910	0
5911	0
5912	0
5913	0
5914	0
5915	0.000104989
5916	0.00206731
5917	0.001838501
5918	0
5919	0
5920	0
5921	0
5922	0
5923	0
5924	0
5925	0
5926	0
5927	0
5928	1.50889E-05
5929	4.18453E-05
5930	1.08643E-05
5931	2.02715E-05
5932	2.86751E-05
5933	8.63959E-05
5934	0
5935	0
5936	0
5937	1.34387E-06
5938	6.74446E-05
5939	0
5940	0
5941	0
5942	0
5943	0
5944	0
5945	7.58977E-07
5946	4.1753E-05
5947	0
5948	0
5949	0
5950	0
5951	0
5952	0
5953	0
5954	0
5955	0
5956	0.000109052
5957	0.000119947
5958	6.99874E-05
5959	9.79719E-05
5960	0.000124129
5961	0.00010326
5962	0.000643903
5963	0.000332078
5964	0.000398695
5965	0.000186255
5966	0.000247702
5967	0.000444463
5968	0.000439386
5969	0.000466307
5970	0.000395257
5971	0.000350225
5972	0.002113001
5973	0.000611751
5974	0.000733867
5975	0.000557914
5976	0.00069203
5977	0.000610023
5978	0.000496976
5979	0.000536707
5980	0.000827919
5981	0.001061042
5982	0.000919812
5983	0.000756062
5984	0.000992136
5985	0.000708444
5986	0.000425621
5987	0.000224955
5988	0.000407165
5989	0.000289312
5990	0.000455062
5991	0.000312345
5992	0.000130954
5993	0.000492511
5994	0.001040904
5995	0.000969755
5996	0.001197185
5997	0.000921136
5998	0.002188958
5999	0.002437309
6000	0.002861485
6001	0.001935112
6002	0.001609842
6003	0.00290581
6004	0.002450511
6005	0.001295482
6006	0.000950231
6007	0.001487229
6008	0.000495784
6009	0.001057872
6010	0.000938157
6011	0.001915029
6012	0.002227928
6013	0.001061409
6014	0.001770971
6015	0.001718393
6016	0.00184386
6017	0.003022283
6018	0.003419034
6019	0.002119774
6020	0.002598674
6021	0.002751976
6022	0.002361405
6023	0.001676788
6024	0.001978525
6025	0.002554903
6026	0.00672788
6027	0.018144868
6028	0.007160048
6029	0.001835023
6030	0.002409777
6031	0.002496934
6032	0.000767152
6033	0.00109092
6034	0.002761625
6035	0.004407808
6036	0.002097061
6037	0.001169744
6038	0.002010183
6039	0.0011006
6040	0.000845456
6041	0.001814142
6042	0.001614357
6043	0.001899028
6044	0.001756156
6045	0.000933071
6046	0.001682339
6047	0.000554165
6048	0.001181406
6049	0.002669851
6050	0.001164064
6051	0.002065199
6052	0.00100833
6053	0.000748303
6054	0.001487441
6055	0.004091205
6056	0.002442967
6057	0.001990625
6058	0.002487245
6059	0.002025128
6060	0.000794377
6061	0.000501845
6062	0.001101095
6063	0.001342427
6064	0.00056594
6065	0.000680694
6066	0.000718222
6067	0.000868485
6068	0.00069548
6069	0.000742539
6070	0.000619355
6071	0.000350024
6072	2.10675E-06
6073	8.7322E-05
6074	0.000231078
6075	0.000323492
6076	0.000438817
6077	0.003066386
6078	0.001138575
6079	0.000155129
6080	0.001231521
6081	0.001643917
6082	0.001691493
6083	0.000806484
6084	0.000189734
6085	3.20866E-06
6086	0.0008127
6087	0.000194975
6088	0.000198867
6089	0.000124288
6090	0.000498612
6091	6.73238E-05
6092	0.000408187
6093	0.000280575
6094	0.00057379
6095	0.000163076
6096	0.000136355
6097	5.96328E-05
6098	0.000219797
6099	0.000156486
6100	0.000137514
6101	8.32218E-05
6102	0.000159175
6103	0.000128698
6104	2.61815E-05
6105	1.13636E-05
6106	0.000960206
6107	2.12264E-05
6108	0
6109	0
6110	0
6111	2.75873E-06
6112	2.63429E-05
6113	0
6114	0
6115	0
6116	0
6117	4.33761E-05
6118	0.001082621
6119	6.07917E-07
6120	0.000342726
6121	5.90868E-05
6122	9.23643E-06
6123	1.54496E-06
6124	0
6125	0
6126	0
6127	0
6128	0
6129	0
6130	2.68038E-05
6131	0.001160392
6132	0.000124709
6133	9.42313E-06
6134	3.0192E-05
6135	1.93351E-05
6136	0.000206173
6137	0.000567139
6138	0.000420482
6139	2.58824E-06
6140	0.00033305
6141	0.001854743
6142	0.000960133
6143	0.00117595
6144	0.001936108
6145	0.000109428
6146	0.00022475
6147	2.0321E-05
6148	0
6149	2.23294E-05
6150	1.97861E-05
6151	0
6152	7.94493E-07
6153	0.000288914
6154	0.002264333
6155	0.000913265
6156	0.003245273
6157	0.004631356
6158	0.004842546
6159	0.00395788
6160	0.004091524
6161	0.005139592
6162	0.001770309
6163	0.001236258
6164	8.15336E-05
6165	0.000282195
6166	0
6167	0
6168	0
6169	1.41954E-06
6170	0.000123808
6171	0.001255591
6172	0.000966177
6173	0.001046771
6174	7.02738E-06
6175	0.000913428
6176	0.000124681
6177	6.34969E-06
6178	0.000575785
6179	5.35531E-05
6180	0.000251242
6181	1.28851E-05
6182	1.62862E-06
6183	4.41454E-06
6184	1.67047E-05
6185	3.60089E-06
6186	0.000143244
6187	0.000137063
6188	2.39125E-05
6189	2.87717E-05
6190	6.05123E-06
6191	1.86342E-05
6192	3.45509E-05
6193	0.000220026
6194	0.003338632
6195	0.001563151
6196	0.000173269
6197	0.001753885
6198	2.27061E-05
6199	0.000316646
6200	0
6201	1.17695E-05
6202	6.17222E-06
6203	7.6963E-06
6204	0.000143376
6205	0.000926955
6206	0.00044844
6207	0.000575476
6208	7.87715E-05
6209	2.47664E-05
6210	3.32144E-05
6211	3.11777E-05
6212	3.08384E-05
6213	1.99912E-05
6214	2.64477E-05
6215	1.98755E-05
6216	3.26925E-06
6217	3.90209E-06
6218	1.24482E-05
6219	1.55803E-05
6220	0.000222913
6221	1.5465E-05
6222	6.98485E-06
6223	1.09841E-05
6224	1.10823E-05
6225	3.42119E-06
6226	1.255E-05
6227	2.08856E-05
6228	6.97388E-06
6229	8.72563E-06
6230	5.62027E-05
6231	4.55511E-05
6232	4.94612E-06
6233	2.793E-05
6234	1.83457E-05
6235	0.000287532
6236	0.000101814
6237	1.83147E-05
6238	1.30186E-05
6239	5.98507E-06
6240	4.0183E-06
6241	4.13337E-05
6242	0.000116737
6243	0.001435074
6244	0.000309781
6245	0.000818793
6246	0.000312125
6247	0.001779637
6248	0.000594311
6249	0.002240629
6250	0.001000572
6251	7.44158E-06
6252	7.57603E-06
6253	0
6254	0
6255	0
6256	0
6257	0
6258	0
6259	0
6260	0
6261	0
6262	2.6446E-07
6263	0.001520202
6264	0.00041083
6265	0
6266	0.000299366
6267	1.06987E-05
6268	0
6269	0
6270	0
6271	0
6272	5.23858E-07
6273	2.14883E-05
6274	5.38304E-05
6275	0.000149634
6276	0.000361269
6277	3.79719E-05
6278	4.46285E-08
6279	5.6988E-06
6280	1.77813E-05
6281	0
6282	2.85543E-06
6283	0.000440637
6284	0.001742268
6285	0.000175557
6286	0.000100882
6287	0.00044944
6288	4.71763E-05
6289	4.16922E-05
6290	8.70161E-06
6291	0.000138537
6292	0.00032436
6293	0.001233758
6294	0.001202555
6295	0.000104679
6296	0.000275766
6297	0.000268679
6298	0.000441103
6299	4.16308E-05
6300	2.93584E-05
6301	4.11627E-05
6302	6.25208E-05
6303	4.89327E-05
6304	5.74031E-05
6305	0.000121597
6306	5.10422E-05
6307	0.000722683
6308	0.000592148
6309	9.39375E-05
6310	0.000886487
6311	8.80145E-05
6312	8.14064E-05
6313	0.000431002
6314	0.000467825
6315	0.001127849
6316	0.00015957
6317	0.000586351
6318	0.000175495
6319	0.000164718
6320	0.000159503
6321	0.00017894
6322	0.000164993
6323	0.000227935
6324	0.000275413
6325	0.000202733
6326	1.87978E-05
6327	4.82707E-07
6328	8.54475E-05
6329	0.000148478
6330	0.000130389
6331	0.000152009
6332	0.000183985
6333	0.000217863
6334	0.000124339
6335	0.000261096
6336	0.000408943
6337	0.000407593
6338	0.00031575
6339	0.000480559
6340	0.000370718
6341	0.000570935
6342	0.001490491
6343	0.000505582
6344	0.000344624
6345	0.000280912
6346	0.000616123
6347	0.000256034
6348	0.001121475
6349	0.000799163
6350	0.000464722
6351	0.000625704
6352	0.000982465
6353	0.000805376
6354	0.001415623
6355	0.001014824
6356	0.001210488
6357	0.001124103
6358	0.000483858
6359	0.00022685
6360	0.00047309
6361	0.000841601
6362	0.000600648
6363	0.00079737
6364	0.002038389
6365	0.001971354
6366	0.003079265
6367	0.00258141
6368	0.00185472
6369	0.001517792
6370	0.002882692
6371	0.002738703
6372	0.002122677
6373	0.002303379
6374	0.000963867
6375	0.002117647
6376	0.001740356
6377	0.002334356
6378	0.002042517
6379	0.002025986
6380	0.002568298
6381	0.001172789
6382	0.001359777
6383	0.001245706
6384	0.000502379
6385	0.001124652
6386	0.001267262
6387	0.000712097
6388	0.001924299
6389	0.002760113
6390	0.002619914
6391	0.002364657
6392	0.002331515
6393	0.001934133
6394	0.001061048
6395	0.001790508
6396	0.001357469
6397	0.00111722
6398	0.001872515
6399	0.002209737
6400	0.001867009
6401	0.00046327
6402	0.001463641
6403	0.001749345
6404	0.00180959
6405	0.00150913
6406	0.0005527
6407	0.001941278
6408	0.00276612
6409	0.002201066
6410	0.004232105
6411	0.002078452
6412	0.001561582
6413	0.000786458
6414	0.000690561
6415	0.001293453
6416	0.001568803
6417	0.005755632
6418	0.005050952
6419	0.003257993
6420	0.001727243
6421	8.39314E-06
6422	0.000387408
6423	0.000478949
6424	0.001113683
6425	0.001153622